0
0
-256
0
0
0
256
0
0
0
-256
0
0
0
256
0
0
0
-256
0
0
0
256
0
0
0
-256
0
0
0
256
0
0
0
-256
0
0
0
256
0
0
0
-256
0
0
0
256
0
0
0
-256
0
0
0
256
0
0
0
-256
0
0
0
256
0
0
0
-256
0
0
0
256
0
0
0
-256
0
0
0
256
0
0
0
-256
0
0
0
256
0
0
0
-256
0
0
0
256
0
0
0
-256
0
0
0
256
0
0
0
-256
0
0
0
256
0
0
0
-256
0
0
0
256
0
0
0
-256
0
0
0
256
0
0
0
-255
0
-3
0
255
0
6
0
-255
0
-9
0
255
0
12
0
-255
0
-15
0
255
0
18
0
-255
0
-21
0
254
0
25
0
-254
0
-28
0
254
0
31
0
-253
0
-34
0
253
0
37
0
-252
0
-40
0
252
0
43
0
-251
0
-46
0
251
0
49
0
-250
0
-53
0
250
0
56
0
-249
0
-59
0
248
0
62
0
-247
0
-65
0
247
0
68
0
-246
0
-71
0
245
0
74
0
-244
0
-77
0
243
0
80
0
-242
0
-83
0
241
0
86
0
-240
0
-89
0
239
0
92
0
-238
0
-95
0
237
0
0
0
-255
0
-6
0
255
0
12
0
-255
0
-18
0
255
0
25
0
-254
0
-31
0
253
0
37
0
-252
0
-43
0
251
0
49
0
-250
0
-56
0
249
0
62
0
-247
0
-68
0
245
0
74
0
-244
0
-80
0
242
0
86
0
-239
0
-92
0
237
0
97
0
-235
0
-103
0
232
0
109
0
-230
0
-115
0
227
0
120
0
-224
0
-126
0
221
0
131
0
-217
0
-136
0
214
0
142
0
-211
0
-147
0
207
0
152
0
-203
0
-157
0
199
0
162
0
-195
0
-167
0
191
0
171
0
-187
0
-176
0
183
0
0
0
-255
0
-9
0
255
0
18
0
-254
0
-28
0
253
0
37
0
-252
0
-46
0
250
0
56
0
-248
0
-65
0
246
0
74
0
-243
0
-83
0
240
0
92
0
-237
0
-100
0
233
0
109
0
-229
0
-117
0
225
0
126
0
-220
0
-134
0
215
0
142
0
-210
0
-149
0
204
0
157
0
-198
0
-164
0
192
0
171
0
-186
0
-178
0
179
0
185
0
-173
0
-191
0
166
0
197
0
-158
0
-203
0
151
0
209
0
-143
0
-214
0
135
0
219
0
-127
0
-224
0
119
0
228
0
-110
0
-232
0
102
0
0
0
-255
0
-12
0
255
0
25
0
-254
0
-37
0
252
0
49
0
-249
0
-62
0
246
0
74
0
-243
0
-86
0
238
0
97
0
-234
0
-109
0
228
0
120
0
-222
0
-131
0
216
0
142
0
-209
0
-152
0
201
0
162
0
-193
0
-171
0
185
0
181
0
-176
0
-189
0
167
0
197
0
-157
0
-205
0
147
0
212
0
-136
0
-219
0
126
0
225
0
-115
0
-231
0
103
0
236
0
-92
0
-241
0
80
0
244
0
-68
0
-248
0
56
0
251
0
-43
0
-253
0
31
0
254
0
-18
0
-255
0
6
0
0
0
-255
0
-15
0
254
0
31
0
-252
0
-46
0
250
0
62
0
-246
0
-77
0
241
0
92
0
-235
0
-106
0
229
0
120
0
-221
0
-134
0
213
0
147
0
-204
0
-159
0
194
0
171
0
-184
0
-183
0
173
0
193
0
-161
0
-203
0
148
0
212
0
-135
0
-221
0
122
0
228
0
-108
0
-235
0
93
0
241
0
-78
0
-245
0
63
0
249
0
-48
0
-252
0
32
0
254
0
-17
0
-255
0
1
0
255
0
14
0
-255
0
-29
0
253
0
45
0
-250
0
-60
0
246
0
75
0
-242
0
-90
0
0
0
-255
0
-18
0
254
0
37
0
-251
0
-56
0
247
0
74
0
-242
0
-92
0
235
0
109
0
-227
0
-126
0
217
0
142
0
-207
0
-157
0
195
0
171
0
-183
0
-185
0
169
0
197
0
-155
0
-209
0
139
0
219
0
-123
0
-228
0
106
0
236
0
-89
0
-243
0
71
0
248
0
-53
0
-252
0
34
0
254
0
-15
0
-255
0
-3
0
255
0
21
0
-254
0
-40
0
251
0
59
0
-246
0
-77
0
241
0
95
0
-234
0
-112
0
225
0
128
0
-216
0
-144
0
205
0
159
0
-193
0
-174
0
0
0
-255
0
-21
0
253
0
43
0
-250
0
-65
0
244
0
86
0
-237
0
-106
0
227
0
126
0
-217
0
-144
0
204
0
162
0
-190
0
-178
0
175
0
193
0
-158
0
-207
0
140
0
219
0
-122
0
-230
0
102
0
238
0
-81
0
-245
0
60
0
251
0
-39
0
-254
0
17
0
255
0
4
0
-255
0
-26
0
253
0
48
0
-249
0
-69
0
243
0
90
0
-235
0
-110
0
225
0
130
0
-214
0
-148
0
201
0
166
0
-187
0
-182
0
171
0
196
0
-155
0
-210
0
136
0
221
0
-117
0
-232
0
0
0
-255
0
-25
0
253
0
49
0
-248
0
-74
0
241
0
97
0
-231
0
-120
0
219
0
142
0
-205
0
-162
0
189
0
181
0
-171
0
-197
0
152
0
212
0
-131
0
-225
0
109
0
236
0
-86
0
-244
0
62
0
251
0
-37
0
-254
0
12
0
256
0
12
0
-254
0
-37
0
251
0
62
0
-244
0
-86
0
236
0
109
0
-225
0
-131
0
212
0
152
0
-197
0
-171
0
181
0
189
0
-162
0
-205
0
142
0
219
0
-120
0
-231
0
97
0
241
0
-74
0
-248
0
49
0
253
0
-25
0
-255
0
0
0
-255
0
-28
0
252
0
56
0
-246
0
-83
0
237
0
109
0
-225
0
-134
0
210
0
157
0
-192
0
-178
0
173
0
197
0
-151
0
-214
0
127
0
228
0
-102
0
-239
0
75
0
248
0
-48
0
-253
0
20
0
255
0
7
0
-255
0
-36
0
251
0
63
0
-244
0
-90
0
234
0
116
0
-221
0
-140
0
205
0
163
0
-187
0
-184
0
167
0
202
0
-144
0
-218
0
120
0
232
0
-95
0
-242
0
68
0
250
0
-40
0
-254
0
12
0
255
0
15
0
-254
0
-43
0
249
0
71
0
-241
0
0
0
-255
0
-31
0
251
0
62
0
-244
0
-92
0
232
0
120
0
-217
0
-147
0
199
0
171
0
-178
0
-193
0
155
0
212
0
-128
0
-228
0
100
0
241
0
-71
0
-249
0
40
0
254
0
-9
0
-255
0
-21
0
253
0
53
0
-246
0
-83
0
236
0
112
0
-222
0
-139
0
205
0
164
0
-185
0
-187
0
162
0
207
0
-136
0
-224
0
109
0
237
0
-80
0
-247
0
49
0
253
0
-18
0
-255
0
-12
0
254
0
43
0
-249
0
-74
0
239
0
103
0
-227
0
-131
0
211
0
157
0
-191
0
0
0
-255
0
-34
0
250
0
68
0
-241
0
-100
0
227
0
131
0
-210
0
-159
0
188
0
185
0
-163
0
-207
0
135
0
225
0
-105
0
-239
0
72
0
249
0
-39
0
-255
0
4
0
255
0
29
0
-251
0
-63
0
243
0
96
0
-230
0
-127
0
212
0
156
0
-191
0
-182
0
167
0
204
0
-139
0
-223
0
109
0
238
0
-77
0
-248
0
43
0
254
0
-9
0
-255
0
-25
0
252
0
59
0
-244
0
-92
0
232
0
123
0
-215
0
-152
0
194
0
178
0
-170
0
-201
0
143
0
221
0
-113
0
0
0
-255
0
-37
0
249
0
74
0
-238
0
-109
0
222
0
142
0
-201
0
-171
0
176
0
197
0
-147
0
-219
0
115
0
236
0
-80
0
-248
0
43
0
254
0
-6
0
-255
0
-31
0
251
0
68
0
-241
0
-103
0
225
0
136
0
-205
0
-167
0
181
0
193
0
-152
0
-216
0
120
0
234
0
-86
0
-246
0
49
0
254
0
-12
0
-255
0
-25
0
252
0
62
0
-243
0
-97
0
228
0
131
0
-209
0
-162
0
185
0
189
0
-157
0
-212
0
126
0
231
0
-92
0
-244
0
56
0
253
0
-18
0
0
0
-255
0
-40
0
248
0
80
0
-235
0
-117
0
217
0
152
0
-192
0
-183
0
163
0
209
0
-130
0
-230
0
93
0
244
0
-54
0
-253
0
14
0
255
0
26
0
-251
0
-66
0
241
0
105
0
-224
0
-140
0
201
0
173
0
-174
0
-200
0
142
0
223
0
-106
0
-240
0
68
0
251
0
-28
0
-255
0
-12
0
253
0
53
0
-245
0
-92
0
230
0
128
0
-210
0
-162
0
184
0
191
0
-153
0
-216
0
119
0
235
0
-81
0
-248
0
42
0
255
0
-1
0
-255
0
-39
0
249
0
78
0
0
0
-255
0
-43
0
247
0
86
0
-232
0
-126
0
211
0
162
0
-183
0
-193
0
149
0
219
0
-112
0
-238
0
71
0
251
0
-28
0
-255
0
-15
0
253
0
59
0
-243
0
-100
0
225
0
139
0
-201
0
-174
0
171
0
203
0
-136
0
-227
0
97
0
244
0
-56
0
-253
0
12
0
255
0
31
0
-250
0
-74
0
237
0
115
0
-217
0
-152
0
191
0
185
0
-159
0
-212
0
123
0
234
0
-83
0
-248
0
40
0
255
0
3
0
-254
0
-46
0
246
0
89
0
-231
0
-128
0
209
0
164
0
0
0
-254
0
-46
0
246
0
92
0
-229
0
-134
0
204
0
171
0
-173
0
-203
0
135
0
228
0
-93
0
-245
0
48
0
254
0
-1
0
-255
0
-45
0
246
0
90
0
-230
0
-132
0
205
0
170
0
-174
0
-202
0
136
0
227
0
-95
0
-245
0
49
0
254
0
-3
0
-255
0
-43
0
247
0
89
0
-230
0
-131
0
206
0
169
0
-175
0
-201
0
138
0
227
0
-96
0
-244
0
51
0
254
0
-4
0
-255
0
-42
0
247
0
87
0
-231
0
-130
0
207
0
168
0
-176
0
-200
0
139
0
226
0
0
0
-254
0
-49
0
244
0
97
0
-225
0
-142
0
197
0
181
0
-162
0
-212
0
120
0
236
0
-74
0
-251
0
25
0
256
0
25
0
-251
0
-74
0
236
0
120
0
-212
0
-162
0
181
0
197
0
-142
0
-225
0
97
0
244
0
-49
0
-254
0
0
0
254
0
49
0
-244
0
-97
0
225
0
142
0
-197
0
-181
0
162
0
212
0
-120
0
-236
0
74
0
251
0
-25
0
-256
0
-25
0
251
0
74
0
-236
0
-120
0
212
0
162
0
-181
0
-197
0
142
0
225
0
-97
0
-244
0
49
0
254
0
0
0
-254
0
-53
0
243
0
103
0
-221
0
-149
0
190
0
189
0
-151
0
-221
0
105
0
243
0
-54
0
-254
0
1
0
254
0
51
0
-244
0
-102
0
222
0
148
0
-191
0
-188
0
152
0
220
0
-106
0
-242
0
56
0
254
0
-3
0
-254
0
-49
0
244
0
100
0
-223
0
-147
0
192
0
187
0
-153
0
-219
0
108
0
242
0
-57
0
-254
0
4
0
255
0
48
0
-244
0
-99
0
224
0
146
0
-193
0
-186
0
155
0
218
0
-109
0
-241
0
59
0
253
0
-6
0
-255
0
-46
0
245
0
0
0
-254
0
-56
0
242
0
109
0
-217
0
-157
0
183
0
197
0
-139
0
-228
0
89
0
248
0
-34
0
-255
0
-21
0
251
0
77
0
-234
0
-128
0
205
0
174
0
-167
0
-211
0
120
0
237
0
-68
0
-252
0
12
0
255
0
43
0
-245
0
-97
0
224
0
147
0
-191
0
-189
0
149
0
222
0
-100
0
-244
0
46
0
255
0
9
0
-253
0
-65
0
238
0
117
0
-212
0
-164
0
176
0
203
0
-131
0
-232
0
80
0
250
0
-25
0
-255
0
-31
0
249
0
86
0
-230
0
-136
0
199
0
0
0
-254
0
-59
0
240
0
115
0
-213
0
-164
0
175
0
205
0
-127
0
-235
0
72
0
252
0
-14
0
-255
0
-45
0
244
0
102
0
-221
0
-153
0
185
0
196
0
-139
0
-229
0
86
0
249
0
-28
0
-255
0
-31
0
248
0
89
0
-227
0
-142
0
194
0
187
0
-151
0
-222
0
99
0
245
0
-42
0
-255
0
-17
0
251
0
75
0
-234
0
-130
0
203
0
177
0
-162
0
-215
0
112
0
241
0
-56
0
-254
0
-3
0
253
0
62
0
-239
0
-117
0
211
0
167
0
-173
0
-207
0
124
0
0
0
-254
0
-62
0
238
0
120
0
-209
0
-171
0
167
0
212
0
-115
0
-241
0
56
0
254
0
6
0
-253
0
-68
0
236
0
126
0
-205
0
-176
0
162
0
216
0
-109
0
-243
0
49
0
255
0
12
0
-252
0
-74
0
234
0
131
0
-201
0
-181
0
157
0
219
0
-103
0
-244
0
43
0
255
0
18
0
-251
0
-80
0
231
0
136
0
-197
0
-185
0
152
0
222
0
-97
0
-246
0
37
0
255
0
25
0
-249
0
-86
0
228
0
142
0
-193
0
-189
0
147
0
225
0
-92
0
-248
0
31
0
0
0
-253
0
-65
0
237
0
126
0
-204
0
-178
0
158
0
219
0
-102
0
-245
0
39
0
255
0
26
0
-249
0
-90
0
225
0
148
0
-187
0
-196
0
136
0
232
0
-77
0
-251
0
12
0
255
0
53
0
-241
0
-115
0
211
0
169
0
-168
0
-212
0
113
0
242
0
-51
0
-255
0
-14
0
251
0
78
0
-231
0
-138
0
195
0
188
0
-147
0
-226
0
89
0
249
0
-25
0
-255
0
-40
0
245
0
103
0
-218
0
-159
0
177
0
205
0
-124
0
-237
0
63
0
254
0
1
0
-253
0
-66
0
0
0
-253
0
-68
0
235
0
131
0
-199
0
-185
0
149
0
225
0
-89
0
-249
0
21
0
255
0
46
0
-243
0
-112
0
212
0
169
0
-167
0
-214
0
109
0
244
0
-43
0
-255
0
-25
0
249
0
92
0
-224
0
-152
0
183
0
201
0
-128
0
-236
0
65
0
254
0
3
0
-253
0
-71
0
234
0
134
0
-197
0
-187
0
147
0
227
0
-86
0
-250
0
18
0
255
0
49
0
-242
0
-115
0
211
0
171
0
-164
0
-216
0
106
0
244
0
-40
0
-255
0
-28
0
248
0
95
0
-222
0
-155
0
0
0
-253
0
-71
0
233
0
136
0
-194
0
-191
0
140
0
231
0
-75
0
-252
0
4
0
254
0
66
0
-235
0
-132
0
197
0
188
0
-144
0
-229
0
80
0
251
0
-9
0
-254
0
-62
0
237
0
128
0
-200
0
-185
0
148
0
227
0
-84
0
-251
0
14
0
255
0
57
0
-238
0
-124
0
203
0
182
0
-152
0
-225
0
89
0
250
0
-18
0
-255
0
-53
0
240
0
120
0
-206
0
-178
0
156
0
222
0
-93
0
-249
0
23
0
255
0
48
0
-242
0
-116
0
209
0
175
0
-159
0
-220
0
0
0
-253
0
-74
0
231
0
142
0
-189
0
-197
0
131
0
236
0
-62
0
-254
0
-12
0
251
0
86
0
-225
0
-152
0
181
0
205
0
-120
0
-241
0
49
0
255
0
25
0
-248
0
-97
0
219
0
162
0
-171
0
-212
0
109
0
244
0
-37
0
-256
0
-37
0
244
0
109
0
-212
0
-171
0
162
0
219
0
-97
0
-248
0
25
0
255
0
49
0
-241
0
-120
0
205
0
181
0
-152
0
-225
0
86
0
251
0
-12
0
-254
0
-62
0
236
0
131
0
-197
0
-189
0
142
0
231
0
-74
0
-253
0
0
0
-252
0
-77
0
229
0
147
0
-184
0
-203
0
122
0
241
0
-48
0
-255
0
-29
0
246
0
105
0
-214
0
-170
0
162
0
220
0
-95
0
-249
0
18
0
255
0
59
0
-237
0
-131
0
196
0
191
0
-138
0
-234
0
66
0
254
0
10
0
-251
0
-87
0
224
0
156
0
-176
0
-210
0
112
0
244
0
-37
0
-255
0
-40
0
243
0
115
0
-208
0
-178
0
153
0
225
0
-84
0
-251
0
7
0
254
0
69
0
-232
0
-140
0
189
0
198
0
-128
0
-238
0
56
0
255
0
21
0
-248
0
0
0
-252
0
-80
0
227
0
152
0
-178
0
-209
0
112
0
244
0
-34
0
-255
0
-46
0
241
0
123
0
-201
0
-187
0
142
0
232
0
-68
0
-254
0
-12
0
250
0
92
0
-221
0
-162
0
169
0
216
0
-100
0
-248
0
21
0
255
0
59
0
-236
0
-134
0
193
0
195
0
-131
0
-237
0
56
0
255
0
25
0
-247
0
-103
0
214
0
171
0
-159
0
-222
0
89
0
251
0
-9
0
-254
0
-71
0
231
0
144
0
-185
0
-203
0
120
0
242
0
-43
0
-255
0
-37
0
244
0
115
0
-207
0
0
0
-252
0
-83
0
225
0
157
0
-173
0
-214
0
102
0
248
0
-20
0
-255
0
-63
0
234
0
140
0
-187
0
-202
0
120
0
242
0
-40
0
-255
0
-43
0
241
0
123
0
-200
0
-189
0
138
0
235
0
-60
0
-255
0
-23
0
247
0
105
0
-212
0
-175
0
155
0
226
0
-80
0
-252
0
-3
0
251
0
86
0
-223
0
-159
0
170
0
216
0
-99
0
-249
0
17
0
254
0
66
0
-232
0
-143
0
185
0
204
0
-117
0
-243
0
37
0
255
0
46
0
-240
0
-126
0
198
0
191
0
-135
0
0
0
-252
0
-86
0
222
0
162
0
-167
0
-219
0
92
0
251
0
-6
0
-253
0
-80
0
225
0
157
0
-171
0
-216
0
97
0
249
0
-12
0
-254
0
-74
0
228
0
152
0
-176
0
-212
0
103
0
248
0
-18
0
-254
0
-68
0
231
0
147
0
-181
0
-209
0
109
0
246
0
-25
0
-255
0
-62
0
234
0
142
0
-185
0
-205
0
115
0
244
0
-31
0
-255
0
-56
0
236
0
136
0
-189
0
-201
0
120
0
243
0
-37
0
-255
0
-49
0
238
0
131
0
-193
0
-197
0
126
0
241
0
-43
0
0
0
-251
0
-89
0
220
0
167
0
-161
0
-224
0
81
0
253
0
7
0
-250
0
-96
0
216
0
173
0
-155
0
-227
0
74
0
254
0
15
0
-248
0
-103
0
211
0
178
0
-148
0
-231
0
66
0
255
0
23
0
-246
0
-110
0
207
0
184
0
-142
0
-234
0
59
0
255
0
31
0
-244
0
-117
0
202
0
189
0
-135
0
-237
0
51
0
255
0
39
0
-242
0
-124
0
197
0
194
0
-128
0
-240
0
43
0
255
0
46
0
-239
0
-131
0
192
0
199
0
-122
0
-243
0
36
0
255
0
54
0
0
0
-251
0
-92
0
217
0
171
0
-155
0
-228
0
71
0
254
0
21
0
-246
0
-112
0
205
0
187
0
-136
0
-237
0
49
0
255
0
43
0
-239
0
-131
0
191
0
201
0
-117
0
-244
0
28
0
255
0
65
0
-231
0
-149
0
176
0
214
0
-97
0
-250
0
6
0
252
0
86
0
-221
0
-167
0
159
0
225
0
-77
0
-254
0
-15
0
248
0
106
0
-209
0
-183
0
142
0
235
0
-56
0
-255
0
-37
0
242
0
126
0
-195
0
-197
0
123
0
243
0
-34
0
-255
0
-59
0
234
0
144
0
0
0
-251
0
-95
0
215
0
176
0
-148
0
-232
0
60
0
255
0
36
0
-242
0
-127
0
193
0
200
0
-117
0
-245
0
25
0
254
0
71
0
-227
0
-157
0
168
0
221
0
-84
0
-253
0
-10
0
249
0
105
0
-209
0
-184
0
139
0
237
0
-49
0
-255
0
-46
0
238
0
136
0
-186
0
-207
0
108
0
248
0
-14
0
-253
0
-81
0
222
0
166
0
-159
0
-226
0
74
0
254
0
21
0
-246
0
-115
0
202
0
191
0
-130
0
-241
0
39
0
255
0
57
0
-234
0
-146
0
178
0
213
0
0
0
-251
0
-97
0
212
0
181
0
-142
0
-236
0
49
0
256
0
49
0
-236
0
-142
0
181
0
212
0
-97
0
-251
0
0
0
251
0
97
0
-212
0
-181
0
142
0
236
0
-49
0
-256
0
-49
0
236
0
142
0
-181
0
-212
0
97
0
251
0
0
0
-251
0
-97
0
212
0
181
0
-142
0
-236
0
49
0
256
0
49
0
-236
0
-142
0
181
0
212
0
-97
0
-251
0
0
0
251
0
97
0
-212
0
-181
0
142
0
236
0
-49
0
-256
0
-49
0
236
0
142
0
-181
0
-212
0
97
0
251
0
0
0
-250
0
-100
0
210
0
185
0
-135
0
-239
0
39
0
255
0
63
0
-230
0
-156
0
167
0
223
0
-77
0
-254
0
-25
0
244
0
123
0
-194
0
-201
0
113
0
247
0
-14
0
-253
0
-87
0
217
0
175
0
-147
0
-234
0
53
0
255
0
49
0
-235
0
-144
0
177
0
216
0
-90
0
-252
0
-10
0
248
0
110
0
-203
0
-192
0
126
0
243
0
-28
0
-254
0
-74
0
225
0
164
0
-158
0
-228
0
66
0
255
0
36
0
-241
0
-132
0
187
0
208
0
-103
0
-250
0
3
0
251
0
0
0
-250
0
-103
0
207
0
189
0
-128
0
-243
0
28
0
254
0
77
0
-222
0
-169
0
152
0
232
0
-56
0
-255
0
-49
0
235
0
147
0
-174
0
-219
0
83
0
254
0
21
0
-244
0
-123
0
193
0
203
0
-109
0
-249
0
6
0
251
0
97
0
-211
0
-185
0
134
0
241
0
-34
0
-255
0
-71
0
225
0
164
0
-157
0
-230
0
62
0
255
0
43
0
-237
0
-142
0
178
0
216
0
-89
0
-253
0
-15
0
246
0
117
0
-197
0
-199
0
115
0
247
0
-12
0
-252
0
-92
0
214
0
0
0
-250
0
-106
0
204
0
193
0
-122
0
-245
0
17
0
253
0
90
0
-214
0
-182
0
136
0
240
0
-34
0
-255
0
-74
0
223
0
169
0
-151
0
-234
0
51
0
255
0
57
0
-231
0
-156
0
164
0
226
0
-68
0
-255
0
-40
0
238
0
142
0
-177
0
-217
0
84
0
254
0
23
0
-244
0
-127
0
189
0
208
0
-100
0
-251
0
-6
0
248
0
112
0
-200
0
-197
0
116
0
247
0
-10
0
-252
0
-96
0
211
0
186
0
-131
0
-242
0
28
0
254
0
80
0
-220
0
-174
0
146
0
0
0
-249
0
-109
0
201
0
197
0
-115
0
-248
0
6
0
251
0
103
0
-205
0
-193
0
120
0
246
0
-12
0
-252
0
-97
0
209
0
189
0
-126
0
-244
0
18
0
253
0
92
0
-212
0
-185
0
131
0
243
0
-25
0
-254
0
-86
0
216
0
181
0
-136
0
-241
0
31
0
254
0
80
0
-219
0
-176
0
142
0
238
0
-37
0
-255
0
-74
0
222
0
171
0
-147
0
-236
0
43
0
255
0
68
0
-225
0
-167
0
152
0
234
0
-49
0
-255
0
-62
0
228
0
162
0
-157
0
-231
0
56
0
0
0
-249
0
-112
0
198
0
201
0
-108
0
-250
0
-4
0
248
0
116
0
-195
0
-204
0
103
0
251
0
9
0
-247
0
-120
0
192
0
207
0
-99
0
-252
0
-14
0
245
0
124
0
-189
0
-210
0
95
0
252
0
18
0
-244
0
-128
0
186
0
212
0
-90
0
-253
0
-23
0
243
0
132
0
-183
0
-215
0
86
0
254
0
28
0
-241
0
-136
0
179
0
217
0
-81
0
-254
0
-32
0
239
0
140
0
-176
0
-220
0
77
0
255
0
37
0
-238
0
-144
0
173
0
222
0
-72
0
-255
0
-42
0
0
0
-249
0
-115
0
195
0
205
0
-100
0
-252
0
-15
0
244
0
128
0
-185
0
-214
0
86
0
254
0
31
0
-239
0
-142
0
174
0
222
0
-71
0
-255
0
-46
0
234
0
155
0
-162
0
-230
0
56
0
255
0
62
0
-227
0
-167
0
149
0
236
0
-40
0
-255
0
-77
0
219
0
178
0
-136
0
-242
0
25
0
253
0
92
0
-211
0
-189
0
123
0
246
0
-9
0
-251
0
-106
0
201
0
199
0
-109
0
-250
0
-6
0
247
0
120
0
-191
0
-209
0
95
0
253
0
21
0
-243
0
-134
0
0
0
-248
0
-117
0
192
0
209
0
-93
0
-253
0
-26
0
241
0
140
0
-174
0
-223
0
68
0
255
0
53
0
-230
0
-162
0
153
0
235
0
-42
0
-255
0
-78
0
217
0
182
0
-131
0
-244
0
15
0
251
0
103
0
-202
0
-199
0
108
0
251
0
10
0
-245
0
-127
0
185
0
215
0
-83
0
-254
0
-37
0
237
0
149
0
-166
0
-228
0
57
0
255
0
63
0
-225
0
-170
0
144
0
239
0
-31
0
-254
0
-89
0
211
0
189
0
-122
0
-247
0
4
0
249
0
113
0
-195
0
-206
0
0
0
-248
0
-120
0
189
0
212
0
-86
0
-254
0
-37
0
236
0
152
0
-162
0
-231
0
49
0
255
0
74
0
-219
0
-181
0
131
0
244
0
-12
0
-251
0
-109
0
197
0
205
0
-97
0
-253
0
-25
0
241
0
142
0
-171
0
-225
0
62
0
256
0
62
0
-225
0
-171
0
142
0
241
0
-25
0
-253
0
-97
0
205
0
197
0
-109
0
-251
0
-12
0
244
0
131
0
-181
0
-219
0
74
0
255
0
49
0
-231
0
-162
0
152
0
236
0
-37
0
-254
0
-86
0
212
0
189
0
-120
0
-248
0
0
0
-247
0
-123
0
186
0
216
0
-78
0
-255
0
-48
0
231
0
163
0
-149
0
-238
0
31
0
253
0
95
0
-206
0
-197
0
108
0
251
0
17
0
-243
0
-138
0
174
0
225
0
-62
0
-255
0
-65
0
223
0
176
0
-135
0
-244
0
14
0
251
0
110
0
-195
0
-208
0
92
0
254
0
34
0
-237
0
-152
0
161
0
232
0
-45
0
-255
0
-81
0
214
0
188
0
-120
0
-248
0
-3
0
247
0
126
0
-184
0
-217
0
75
0
255
0
51
0
-230
0
-166
0
147
0
239
0
-28
0
-253
0
0
0
-247
0
-126
0
183
0
219
0
-71
0
-255
0
-59
0
225
0
174
0
-136
0
-244
0
12
0
250
0
115
0
-191
0
-212
0
83
0
255
0
46
0
-231
0
-164
0
147
0
239
0
-25
0
-252
0
-103
0
199
0
205
0
-95
0
-254
0
-34
0
236
0
155
0
-157
0
-235
0
37
0
254
0
92
0
-207
0
-197
0
106
0
252
0
21
0
-241
0
-144
0
167
0
230
0
-49
0
-255
0
-80
0
214
0
189
0
-117
0
-249
0
-9
0
244
0
134
0
-176
0
-224
0
62
0
255
0
68
0
-221
0
0
0
-247
0
-128
0
179
0
222
0
-63
0
-255
0
-69
0
219
0
184
0
-123
0
-248
0
-6
0
245
0
134
0
-175
0
-225
0
57
0
255
0
75
0
-216
0
-188
0
117
0
250
0
12
0
-243
0
-139
0
170
0
228
0
-51
0
-255
0
-81
0
212
0
192
0
-112
0
-251
0
-18
0
241
0
144
0
-166
0
-231
0
45
0
255
0
87
0
-209
0
-196
0
106
0
252
0
25
0
-239
0
-149
0
161
0
234
0
-39
0
-254
0
-93
0
205
0
200
0
-100
0
-253
0
-31
0
237
0
155
0
-156
0
0
0
-246
0
-131
0
176
0
225
0
-56
0
-255
0
-80
0
212
0
193
0
-109
0
-252
0
-25
0
238
0
152
0
-157
0
-236
0
31
0
253
0
103
0
-197
0
-209
0
86
0
255
0
49
0
-228
0
-171
0
136
0
244
0
-6
0
-248
0
-126
0
181
0
222
0
-62
0
-255
0
-74
0
216
0
189
0
-115
0
-251
0
-18
0
241
0
147
0
-162
0
-234
0
37
0
254
0
97
0
-201
0
-205
0
92
0
254
0
43
0
-231
0
-167
0
142
0
243
0
-12
0
-249
0
-120
0
185
0
219
0
-68
0
0
0
-246
0
-134
0
173
0
228
0
-48
0
-255
0
-90
0
205
0
202
0
-95
0
-254
0
-43
0
230
0
169
0
-138
0
-244
0
4
0
247
0
130
0
-176
0
-226
0
53
0
255
0
86
0
-208
0
-199
0
99
0
254
0
39
0
-232
0
-166
0
142
0
243
0
-9
0
-248
0
-126
0
179
0
224
0
-57
0
-255
0
-81
0
211
0
196
0
-103
0
-253
0
-34
0
234
0
162
0
-146
0
-242
0
14
0
249
0
122
0
-183
0
-221
0
62
0
255
0
77
0
-213
0
-193
0
108
0
252
0
29
0
0
0
-245
0
-136
0
169
0
231
0
-40
0
-254
0
-100
0
197
0
211
0
-80
0
-255
0
-62
0
221
0
185
0
-117
0
-251
0
-21
0
238
0
155
0
-152
0
-239
0
18
0
250
0
120
0
-183
0
-222
0
59
0
255
0
83
0
-209
0
-199
0
97
0
254
0
43
0
-230
0
-171
0
134
0
246
0
3
0
-244
0
-139
0
167
0
232
0
-37
0
-253
0
-103
0
195
0
212
0
-77
0
-255
0
-65
0
219
0
187
0
-115
0
-251
0
-25
0
237
0
157
0
-149
0
-241
0
15
0
249
0
123
0
0
0
-245
0
-139
0
166
0
234
0
-32
0
-252
0
-110
0
189
0
218
0
-65
0
-255
0
-80
0
210
0
199
0
-96
0
-254
0
-48
0
227
0
177
0
-126
0
-249
0
-15
0
240
0
152
0
-153
0
-239
0
17
0
249
0
124
0
-178
0
-226
0
49
0
254
0
95
0
-200
0
-209
0
81
0
255
0
63
0
-219
0
-188
0
112
0
252
0
31
0
-234
0
-164
0
140
0
244
0
-1
0
-245
0
-138
0
167
0
233
0
-34
0
-252
0
-109
0
190
0
217
0
-66
0
-255
0
-78
0
211
0
198
0
0
0
-244
0
-142
0
162
0
236
0
-25
0
-251
0
-120
0
181
0
225
0
-49
0
-254
0
-97
0
197
0
212
0
-74
0
-256
0
-74
0
212
0
197
0
-97
0
-254
0
-49
0
225
0
181
0
-120
0
-251
0
-25
0
236
0
162
0
-142
0
-244
0
0
0
244
0
142
0
-162
0
-236
0
25
0
251
0
120
0
-181
0
-225
0
49
0
254
0
97
0
-197
0
-212
0
74
0
256
0
74
0
-212
0
-197
0
97
0
254
0
49
0
-225
0
-181
0
120
0
251
0
25
0
-236
0
-162
0
142
0
244
0
0
0
-244
0
-144
0
158
0
238
0
-17
0
-249
0
-130
0
171
0
232
0
-34
0
-252
0
-115
0
184
0
224
0
-51
0
-254
0
-99
0
195
0
215
0
-68
0
-255
0
-83
0
206
0
205
0
-84
0
-255
0
-66
0
216
0
194
0
-100
0
-254
0
-49
0
225
0
183
0
-116
0
-252
0
-32
0
232
0
170
0
-131
0
-248
0
-15
0
239
0
157
0
-146
0
-244
0
1
0
244
0
143
0
-159
0
-238
0
18
0
249
0
128
0
-173
0
-231
0
36
0
252
0
113
0
-185
0
-223
0
53
0
254
0
0
0
-244
0
-147
0
155
0
241
0
-9
0
-246
0
-139
0
162
0
237
0
-18
0
-249
0
-131
0
169
0
234
0
-28
0
-251
0
-123
0
176
0
230
0
-37
0
-252
0
-115
0
183
0
225
0
-46
0
-254
0
-106
0
189
0
221
0
-56
0
-255
0
-97
0
195
0
216
0
-65
0
-255
0
-89
0
201
0
211
0
-74
0
-255
0
-80
0
207
0
205
0
-83
0
-255
0
-71
0
212
0
199
0
-92
0
-255
0
-62
0
217
0
193
0
-100
0
-254
0
-53
0
222
0
187
0
-109
0
-253
0
-43
0
227
0
0
0
-243
0
-149
0
151
0
243
0
-1
0
-244
0
-148
0
152
0
242
0
-3
0
-244
0
-147
0
153
0
242
0
-4
0
-244
0
-146
0
155
0
241
0
-6
0
-245
0
-144
0
156
0
241
0
-7
0
-245
0
-143
0
157
0
240
0
-9
0
-246
0
-142
0
158
0
239
0
-10
0
-246
0
-140
0
159
0
239
0
-12
0
-247
0
-139
0
161
0
238
0
-14
0
-247
0
-138
0
162
0
238
0
-15
0
-247
0
-136
0
163
0
237
0
-17
0
-248
0
-135
0
164
0
237
0
-18
0
-248
0
-134
0
166
0
0
0
-243
0
-152
0
147
0
244
0
6
0
-241
0
-157
0
142
0
246
0
12
0
-238
0
-162
0
136
0
248
0
18
0
-236
0
-167
0
131
0
249
0
25
0
-234
0
-171
0
126
0
251
0
31
0
-231
0
-176
0
120
0
252
0
37
0
-228
0
-181
0
115
0
253
0
43
0
-225
0
-185
0
109
0
254
0
49
0
-222
0
-189
0
103
0
254
0
56
0
-219
0
-193
0
97
0
255
0
62
0
-216
0
-197
0
92
0
255
0
68
0
-212
0
-201
0
86
0
255
0
74
0
-209
0
-205
0
80
0
0
0
-242
0
-155
0
143
0
246
0
14
0
-237
0
-166
0
131
0
250
0
28
0
-232
0
-176
0
119
0
252
0
42
0
-225
0
-186
0
106
0
254
0
56
0
-218
0
-195
0
93
0
255
0
69
0
-211
0
-204
0
80
0
255
0
83
0
-202
0
-212
0
66
0
255
0
96
0
-193
0
-220
0
53
0
254
0
109
0
-184
0
-227
0
39
0
252
0
122
0
-174
0
-233
0
25
0
249
0
134
0
-163
0
-238
0
10
0
245
0
146
0
-152
0
-243
0
-3
0
241
0
157
0
-140
0
-247
0
-17
0
0
0
-242
0
-157
0
139
0
248
0
21
0
-234
0
-174
0
120
0
252
0
43
0
-224
0
-189
0
100
0
255
0
65
0
-212
0
-203
0
80
0
255
0
86
0
-199
0
-216
0
59
0
254
0
106
0
-185
0
-227
0
37
0
251
0
126
0
-169
0
-236
0
15
0
246
0
144
0
-152
0
-244
0
-6
0
239
0
162
0
-134
0
-249
0
-28
0
231
0
178
0
-115
0
-253
0
-49
0
221
0
193
0
-95
0
-255
0
-71
0
209
0
207
0
-74
0
-255
0
-92
0
195
0
219
0
-53
0
-254
0
-112
0
0
0
-241
0
-159
0
135
0
249
0
29
0
-230
0
-182
0
109
0
254
0
59
0
-215
0
-201
0
81
0
255
0
87
0
-197
0
-218
0
53
0
253
0
115
0
-177
0
-232
0
23
0
248
0
140
0
-155
0
-243
0
-6
0
239
0
164
0
-130
0
-251
0
-36
0
227
0
186
0
-103
0
-255
0
-65
0
211
0
205
0
-75
0
-255
0
-93
0
193
0
221
0
-46
0
-252
0
-120
0
173
0
235
0
-17
0
-246
0
-146
0
149
0
245
0
12
0
-237
0
-169
0
124
0
252
0
42
0
-224
0
-190
0
0
0
-241
0
-162
0
131
0
251
0
37
0
-225
0
-189
0
97
0
255
0
74
0
-205
0
-212
0
62
0
254
0
109
0
-181
0
-231
0
25
0
248
0
142
0
-152
0
-244
0
-12
0
236
0
171
0
-120
0
-253
0
-49
0
219
0
197
0
-86
0
-256
0
-86
0
197
0
219
0
-49
0
-253
0
-120
0
171
0
236
0
-12
0
-244
0
-152
0
142
0
248
0
25
0
-231
0
-181
0
109
0
254
0
62
0
-212
0
-205
0
74
0
255
0
97
0
-189
0
-225
0
37
0
251
0
131
0
-162
0
-241
0
0
0
-240
0
-164
0
127
0
252
0
45
0
-221
0
-196
0
86
0
255
0
89
0
-194
0
-222
0
42
0
251
0
130
0
-162
0
-241
0
-3
0
239
0
167
0
-124
0
-252
0
-48
0
219
0
198
0
-83
0
-255
0
-92
0
192
0
224
0
-39
0
-251
0
-132
0
159
0
242
0
6
0
-238
0
-169
0
122
0
253
0
51
0
-217
0
-200
0
80
0
255
0
95
0
-190
0
-225
0
36
0
250
0
135
0
-157
0
-243
0
-9
0
237
0
171
0
-119
0
-253
0
-54
0
216
0
202
0
-77
0
-255
0
0
0
-239
0
-167
0
123
0
253
0
53
0
-216
0
-203
0
74
0
255
0
103
0
-183
0
-231
0
21
0
246
0
149
0
-142
0
-249
0
-31
0
227
0
189
0
-95
0
-255
0
-83
0
197
0
221
0
-43
0
-251
0
-131
0
159
0
243
0
9
0
-236
0
-174
0
115
0
254
0
62
0
-211
0
-209
0
65
0
254
0
112
0
-176
0
-235
0
12
0
244
0
157
0
-134
0
-251
0
-40
0
222
0
195
0
-86
0
-255
0
-92
0
191
0
225
0
-34
0
-249
0
-139
0
152
0
245
0
18
0
-232
0
0
0
-239
0
-169
0
119
0
254
0
60
0
-211
0
-210
0
62
0
254
0
117
0
-170
0
-238
0
1
0
239
0
168
0
-120
0
-253
0
-59
0
211
0
209
0
-63
0
-254
0
-116
0
171
0
238
0
-3
0
-240
0
-167
0
122
0
253
0
57
0
-212
0
-208
0
65
0
254
0
115
0
-173
0
-237
0
4
0
241
0
166
0
-123
0
-253
0
-56
0
213
0
207
0
-66
0
-254
0
-113
0
174
0
237
0
-6
0
-241
0
-164
0
124
0
253
0
54
0
-214
0
-206
0
68
0
254
0
112
0
-175
0
0
0
-238
0
-171
0
115
0
254
0
68
0
-205
0
-216
0
49
0
252
0
131
0
-157
0
-244
0
-18
0
231
0
185
0
-97
0
-255
0
-86
0
193
0
225
0
-31
0
-248
0
-147
0
142
0
249
0
37
0
-222
0
-197
0
80
0
255
0
103
0
-181
0
-234
0
12
0
243
0
162
0
-126
0
-253
0
-56
0
212
0
209
0
-62
0
-254
0
-120
0
167
0
241
0
6
0
-236
0
-176
0
109
0
255
0
74
0
-201
0
-219
0
43
0
251
0
136
0
-152
0
-246
0
-25
0
228
0
189
0
-92
0
0
0
-238
0
-174
0
110
0
255
0
75
0
-199
0
-221
0
37
0
249
0
144
0
-143
0
-249
0
-39
0
221
0
200
0
-74
0
-255
0
-112
0
173
0
238
0
1
0
-237
0
-175
0
109
0
255
0
77
0
-198
0
-222
0
36
0
249
0
146
0
-142
0
-250
0
-40
0
220
0
201
0
-72
0
-255
0
-113
0
171
0
239
0
3
0
-237
0
-176
0
108
0
255
0
78
0
-197
0
-223
0
34
0
248
0
147
0
-140
0
-250
0
-42
0
219
0
202
0
-71
0
-254
0
-115
0
170
0
239
0
4
0
0
0
-237
0
-176
0
106
0
255
0
83
0
-193
0
-227
0
25
0
245
0
157
0
-128
0
-253
0
-59
0
209
0
214
0
-49
0
-251
0
-136
0
149
0
248
0
34
0
-222
0
-199
0
74
0
255
0
115
0
-169
0
-241
0
-9
0
234
0
183
0
-97
0
-255
0
-92
0
187
0
231
0
-15
0
-243
0
-164
0
120
0
254
0
68
0
-203
0
-219
0
40
0
249
0
144
0
-142
0
-250
0
-43
0
217
0
205
0
-65
0
-254
0
-123
0
162
0
244
0
18
0
-230
0
-189
0
89
0
255
0
100
0
0
0
-237
0
-178
0
102
0
255
0
90
0
-187
0
-232
0
12
0
241
0
169
0
-113
0
-255
0
-78
0
195
0
226
0
-25
0
-245
0
-159
0
124
0
254
0
66
0
-203
0
-220
0
37
0
248
0
149
0
-135
0
-252
0
-54
0
211
0
213
0
-49
0
-251
0
-139
0
146
0
249
0
42
0
-217
0
-206
0
62
0
253
0
128
0
-156
0
-246
0
-29
0
224
0
198
0
-74
0
-254
0
-117
0
166
0
243
0
17
0
-230
0
-190
0
86
0
255
0
106
0
-175
0
-238
0
-4
0
235
0
182
0
0
0
-236
0
-181
0
97
0
256
0
97
0
-181
0
-236
0
0
0
236
0
181
0
-97
0
-256
0
-97
0
181
0
236
0
0
0
-236
0
-181
0
97
0
256
0
97
0
-181
0
-236
0
0
0
236
0
181
0
-97
0
-256
0
-97
0
181
0
236
0
0
0
-236
0
-181
0
97
0
256
0
97
0
-181
0
-236
0
0
0
236
0
181
0
-97
0
-256
0
-97
0
181
0
236
0
0
0
-236
0
-181
0
97
0
256
0
97
0
-181
0
-236
0
0
0
236
0
181
0
-97
0
-256
0
-97
0
181
0
236
0
0
0
-235
0
-183
0
93
0
255
0
105
0
-174
0
-240
0
-12
0
230
0
191
0
-81
0
-255
0
-116
0
164
0
244
0
25
0
-225
0
-199
0
69
0
254
0
127
0
-155
0
-247
0
-37
0
218
0
207
0
-57
0
-252
0
-138
0
144
0
250
0
49
0
-211
0
-214
0
45
0
249
0
148
0
-134
0
-252
0
-62
0
204
0
221
0
-32
0
-246
0
-158
0
123
0
254
0
74
0
-196
0
-227
0
20
0
243
0
168
0
-112
0
-255
0
-86
0
188
0
232
0
-7
0
-238
0
-177
0
100
0
255
0
0
0
-235
0
-185
0
89
0
255
0
112
0
-167
0
-244
0
-25
0
224
0
201
0
-65
0
-253
0
-134
0
147
0
250
0
49
0
-211
0
-216
0
40
0
248
0
155
0
-126
0
-254
0
-74
0
195
0
228
0
-15
0
-241
0
-174
0
103
0
255
0
97
0
-178
0
-238
0
-9
0
231
0
191
0
-80
0
-255
0
-120
0
159
0
246
0
34
0
-219
0
-207
0
56
0
251
0
142
0
-139
0
-252
0
-59
0
205
0
221
0
-31
0
-245
0
-162
0
117
0
255
0
83
0
-189
0
-232
0
6
0
237
0
0
0
-234
0
-187
0
84
0
255
0
119
0
-159
0
-247
0
-37
0
217
0
211
0
-48
0
-249
0
-151
0
128
0
254
0
74
0
-194
0
-230
0
10
0
238
0
179
0
-95
0
-255
0
-109
0
168
0
244
0
26
0
-222
0
-204
0
59
0
251
0
142
0
-138
0
-252
0
-63
0
201
0
225
0
-21
0
-242
0
-171
0
105
0
255
0
99
0
-176
0
-240
0
-15
0
227
0
197
0
-69
0
-253
0
-132
0
147
0
250
0
53
0
-208
0
-219
0
32
0
245
0
163
0
-115
0
-255
0
-89
0
184
0
0
0
-234
0
-189
0
80
0
254
0
126
0
-152
0
-249
0
-49
0
209
0
219
0
-31
0
-244
0
-167
0
109
0
255
0
97
0
-176
0
-241
0
-18
0
225
0
201
0
-62
0
-252
0
-142
0
136
0
253
0
68
0
-197
0
-228
0
12
0
238
0
181
0
-92
0
-255
0
-115
0
162
0
246
0
37
0
-216
0
-212
0
43
0
248
0
157
0
-120
0
-255
0
-86
0
185
0
236
0
6
0
-231
0
-193
0
74
0
254
0
131
0
-147
0
-251
0
-56
0
205
0
222
0
-25
0
-243
0
-171
0
103
0
0
0
-233
0
-191
0
75
0
254
0
132
0
-144
0
-251
0
-62
0
200
0
227
0
-14
0
-238
0
-182
0
89
0
255
0
120
0
-156
0
-249
0
-48
0
209
0
220
0
-28
0
-243
0
-171
0
102
0
255
0
108
0
-167
0
-245
0
-34
0
217
0
212
0
-42
0
-247
0
-161
0
115
0
255
0
95
0
-177
0
-241
0
-20
0
224
0
204
0
-56
0
-250
0
-149
0
127
0
254
0
81
0
-187
0
-235
0
-6
0
230
0
195
0
-69
0
-253
0
-138
0
139
0
252
0
68
0
-196
0
-230
0
7
0
0
0
-232
0
-193
0
71
0
253
0
139
0
-136
0
-253
0
-74
0
191
0
234
0
3
0
-231
0
-195
0
68
0
252
0
142
0
-134
0
-254
0
-77
0
189
0
235
0
6
0
-230
0
-197
0
65
0
252
0
144
0
-131
0
-254
0
-80
0
187
0
236
0
9
0
-228
0
-199
0
62
0
251
0
147
0
-128
0
-254
0
-83
0
185
0
237
0
12
0
-227
0
-201
0
59
0
251
0
149
0
-126
0
-255
0
-86
0
183
0
238
0
15
0
-225
0
-203
0
56
0
250
0
152
0
-123
0
-255
0
-89
0
0
0
-232
0
-195
0
66
0
252
0
146
0
-128
0
-254
0
-86
0
182
0
239
0
20
0
-222
0
-208
0
46
0
247
0
162
0
-110
0
-255
0
-105
0
167
0
246
0
40
0
-211
0
-219
0
26
0
242
0
177
0
-92
0
-255
0
-123
0
151
0
251
0
60
0
-199
0
-229
0
6
0
234
0
191
0
-72
0
-253
0
-140
0
134
0
254
0
80
0
-186
0
-237
0
-14
0
225
0
204
0
-53
0
-249
0
-157
0
116
0
255
0
99
0
-171
0
-244
0
-34
0
215
0
216
0
-32
0
-244
0
-173
0
0
0
-231
0
-197
0
62
0
251
0
152
0
-120
0
-255
0
-97
0
171
0
244
0
37
0
-212
0
-219
0
25
0
241
0
181
0
-86
0
-254
0
-131
0
142
0
253
0
74
0
-189
0
-236
0
-12
0
225
0
205
0
-49
0
-248
0
-162
0
109
0
256
0
109
0
-162
0
-248
0
-49
0
205
0
225
0
-12
0
-236
0
-189
0
74
0
253
0
142
0
-131
0
-254
0
-86
0
181
0
241
0
25
0
-219
0
-212
0
37
0
244
0
171
0
-97
0
-255
0
-120
0
152
0
251
0
62
0
-197
0
-231
0
0
0
-230
0
-199
0
57
0
249
0
158
0
-112
0
-255
0
-109
0
161
0
249
0
54
0
-201
0
-229
0
3
0
232
0
197
0
-60
0
-250
0
-156
0
115
0
255
0
106
0
-163
0
-248
0
-51
0
203
0
227
0
-6
0
-233
0
-195
0
63
0
251
0
153
0
-117
0
-255
0
-103
0
166
0
247
0
48
0
-205
0
-226
0
9
0
234
0
193
0
-66
0
-251
0
-151
0
120
0
255
0
100
0
-168
0
-246
0
-45
0
207
0
225
0
-12
0
-235
0
-191
0
69
0
252
0
148
0
-123
0
-255
0
0
0
-230
0
-201
0
53
0
248
0
164
0
-103
0
-255
0
-120
0
149
0
252
0
71
0
-189
0
-237
0
-18
0
221
0
212
0
-34
0
-243
0
-178
0
86
0
254
0
136
0
-134
0
-254
0
-89
0
176
0
244
0
37
0
-211
0
-222
0
15
0
236
0
191
0
-68
0
-251
0
-152
0
117
0
255
0
106
0
-162
0
-249
0
-56
0
199
0
231
0
3
0
-228
0
-203
0
49
0
247
0
167
0
-100
0
-255
0
-123
0
147
0
252
0
74
0
-187
0
-238
0
-21
0
219
0
214
0
-31
0
-242
0
0
0
-229
0
-203
0
48
0
246
0
170
0
-95
0
-255
0
-131
0
138
0
254
0
87
0
-176
0
-244
0
-40
0
208
0
225
0
-7
0
-232
0
-198
0
56
0
248
0
164
0
-102
0
-255
0
-124
0
144
0
253
0
80
0
-182
0
-242
0
-32
0
212
0
221
0
-15
0
-235
0
-193
0
63
0
250
0
158
0
-109
0
-255
0
-117
0
151
0
252
0
72
0
-187
0
-239
0
-25
0
217
0
217
0
-23
0
-238
0
-188
0
71
0
251
0
152
0
-116
0
-255
0
-110
0
157
0
250
0
65
0
-192
0
0
0
-228
0
-205
0
43
0
244
0
176
0
-86
0
-254
0
-142
0
126
0
255
0
103
0
-162
0
-249
0
-62
0
193
0
236
0
18
0
-219
0
-216
0
25
0
238
0
189
0
-68
0
-251
0
-157
0
109
0
255
0
120
0
-147
0
-253
0
-80
0
181
0
243
0
37
0
-209
0
-225
0
6
0
231
0
201
0
-49
0
-246
0
-171
0
92
0
254
0
136
0
-131
0
-255
0
-97
0
167
0
248
0
56
0
-197
0
-234
0
-12
0
222
0
212
0
-31
0
-241
0
-185
0
74
0
252
0
152
0
-115
0
0
0
-227
0
-207
0
39
0
243
0
182
0
-77
0
-252
0
-152
0
113
0
255
0
119
0
-147
0
-253
0
-83
0
177
0
244
0
45
0
-203
0
-230
0
-6
0
225
0
211
0
-32
0
-241
0
-186
0
71
0
251
0
157
0
-108
0
-255
0
-124
0
142
0
254
0
89
0
-173
0
-246
0
-51
0
199
0
233
0
12
0
-221
0
-214
0
26
0
238
0
190
0
-65
0
-250
0
-162
0
102
0
255
0
130
0
-136
0
-254
0
-95
0
168
0
248
0
57
0
-195
0
-235
0
-18
0
218
0
217
0
-20
0
0
0
-227
0
-209
0
34
0
241
0
187
0
-68
0
-250
0
-162
0
100
0
255
0
134
0
-131
0
-255
0
-103
0
159
0
251
0
71
0
-185
0
-242
0
-37
0
207
0
228
0
3
0
-225
0
-211
0
31
0
239
0
189
0
-65
0
-249
0
-164
0
97
0
255
0
136
0
-128
0
-255
0
-106
0
157
0
251
0
74
0
-183
0
-243
0
-40
0
205
0
230
0
6
0
-224
0
-212
0
28
0
238
0
191
0
-62
0
-249
0
-167
0
95
0
254
0
139
0
-126
0
-255
0
-109
0
155
0
252
0
77
0
0
0
-226
0
-211
0
29
0
238
0
192
0
-59
0
-247
0
-171
0
87
0
253
0
148
0
-115
0
-255
0
-123
0
140
0
254
0
96
0
-164
0
-250
0
-68
0
186
0
242
0
39
0
-205
0
-230
0
-9
0
221
0
216
0
-20
0
-235
0
-198
0
49
0
245
0
178
0
-78
0
-252
0
-156
0
106
0
255
0
131
0
-132
0
-255
0
-105
0
157
0
251
0
77
0
-179
0
-244
0
-48
0
199
0
234
0
18
0
-217
0
-221
0
10
0
231
0
204
0
-40
0
-242
0
-185
0
69
0
250
0
163
0
0
0
-225
0
-212
0
25
0
236
0
197
0
-49
0
-244
0
-181
0
74
0
251
0
162
0
-97
0
-254
0
-142
0
120
0
256
0
120
0
-142
0
-254
0
-97
0
162
0
251
0
74
0
-181
0
-244
0
-49
0
197
0
236
0
25
0
-212
0
-225
0
0
0
225
0
212
0
-25
0
-236
0
-197
0
49
0
244
0
181
0
-74
0
-251
0
-162
0
97
0
254
0
142
0
-120
0
-256
0
-120
0
142
0
254
0
97
0
-162
0
-251
0
-74
0
181
0
244
0
49
0
-197
0
-236
0
-25
0
212
0
225
0
0
0
-225
0
-214
0
20
0
234
0
202
0
-40
0
-241
0
-189
0
60
0
247
0
175
0
-80
0
-251
0
-159
0
99
0
254
0
143
0
-117
0
-255
0
-126
0
135
0
255
0
108
0
-152
0
-253
0
-89
0
168
0
249
0
69
0
-183
0
-244
0
-49
0
196
0
237
0
29
0
-209
0
-229
0
-9
0
220
0
219
0
-10
0
-230
0
-208
0
31
0
238
0
195
0
-51
0
-244
0
-182
0
71
0
250
0
167
0
-90
0
-253
0
-151
0
109
0
255
0
134
0
-127
0
-255
0
-116
0
144
0
254
0
0
0
-224
0
-216
0
15
0
231
0
207
0
-31
0
-237
0
-197
0
46
0
243
0
187
0
-62
0
-247
0
-176
0
77
0
251
0
164
0
-92
0
-253
0
-152
0
106
0
255
0
139
0
-120
0
-255
0
-126
0
134
0
255
0
112
0
-147
0
-254
0
-97
0
159
0
252
0
83
0
-171
0
-249
0
-68
0
183
0
244
0
53
0
-193
0
-239
0
-37
0
203
0
234
0
21
0
-212
0
-227
0
-6
0
221
0
219
0
-9
0
-228
0
-211
0
25
0
235
0
201
0
-40
0
-241
0
-191
0
56
0
245
0
0
0
-223
0
-217
0
10
0
228
0
211
0
-21
0
-233
0
-205
0
32
0
237
0
198
0
-43
0
-241
0
-191
0
54
0
244
0
184
0
-65
0
-247
0
-176
0
75
0
250
0
168
0
-86
0
-252
0
-159
0
96
0
254
0
151
0
-106
0
-255
0
-142
0
116
0
255
0
132
0
-126
0
-255
0
-123
0
135
0
255
0
113
0
-144
0
-254
0
-103
0
153
0
253
0
93
0
-162
0
-251
0
-83
0
170
0
249
0
72
0
-178
0
-247
0
-62
0
186
0
244
0
51
0
-193
0
-240
0
-40
0
200
0
0
0
-222
0
-219
0
6
0
225
0
216
0
-12
0
-228
0
-212
0
18
0
231
0
209
0
-25
0
-234
0
-205
0
31
0
236
0
201
0
-37
0
-238
0
-197
0
43
0
241
0
193
0
-49
0
-243
0
-189
0
56
0
244
0
185
0
-62
0
-246
0
-181
0
68
0
248
0
176
0
-74
0
-249
0
-171
0
80
0
251
0
167
0
-86
0
-252
0
-162
0
92
0
253
0
157
0
-97
0
-254
0
-152
0
103
0
254
0
147
0
-109
0
-255
0
-142
0
115
0
255
0
136
0
-120
0
-255
0
-131
0
126
0
0
0
-221
0
-221
0
1
0
222
0
220
0
-3
0
-223
0
-219
0
4
0
224
0
218
0
-6
0
-225
0
-217
0
7
0
225
0
217
0
-9
0
-226
0
-216
0
10
0
227
0
215
0
-12
0
-227
0
-214
0
14
0
228
0
213
0
-15
0
-229
0
-212
0
17
0
230
0
211
0
-18
0
-230
0
-211
0
20
0
231
0
210
0
-21
0
-232
0
-209
0
23
0
232
0
208
0
-25
0
-233
0
-207
0
26
0
234
0
206
0
-28
0
-234
0
-205
0
29
0
235
0
204
0
-31
0
-235
0
-203
0
32
0
0
0
-221
0
-222
0
-3
0
219
0
224
0
6
0
-217
0
-225
0
-9
0
216
0
227
0
12
0
-214
0
-228
0
-15
0
212
0
230
0
18
0
-211
0
-231
0
-21
0
209
0
232
0
25
0
-207
0
-234
0
-28
0
205
0
235
0
31
0
-203
0
-236
0
-34
0
201
0
237
0
37
0
-199
0
-238
0
-40
0
197
0
239
0
43
0
-195
0
-241
0
-46
0
193
0
242
0
49
0
-191
0
-243
0
-53
0
189
0
244
0
56
0
-187
0
-244
0
-59
0
185
0
245
0
62
0
-183
0
-246
0
-65
0
0
0
-220
0
-224
0
-7
0
216
0
227
0
15
0
-211
0
-231
0
-23
0
207
0
234
0
31
0
-202
0
-237
0
-39
0
197
0
240
0
46
0
-192
0
-243
0
-54
0
187
0
245
0
62
0
-182
0
-247
0
-69
0
176
0
249
0
77
0
-170
0
-251
0
-84
0
164
0
252
0
92
0
-158
0
-253
0
-99
0
152
0
254
0
106
0
-146
0
-255
0
-113
0
139
0
255
0
120
0
-132
0
-255
0
-127
0
126
0
255
0
134
0
-119
0
-255
0
-140
0
112
0
255
0
147
0
-105
0
-254
0
-153
0
0
0
-219
0
-225
0
-12
0
212
0
231
0
25
0
-205
0
-236
0
-37
0
197
0
241
0
49
0
-189
0
-244
0
-62
0
181
0
248
0
74
0
-171
0
-251
0
-86
0
162
0
253
0
97
0
-152
0
-254
0
-109
0
142
0
255
0
120
0
-131
0
-256
0
-131
0
120
0
255
0
142
0
-109
0
-254
0
-152
0
97
0
253
0
162
0
-86
0
-251
0
-171
0
74
0
248
0
181
0
-62
0
-244
0
-189
0
49
0
241
0
197
0
-37
0
-236
0
-205
0
25
0
231
0
212
0
-12
0
-225
0
-219
0
0
0
-218
0
-227
0
-17
0
209
0
234
0
34
0
-198
0
-241
0
-51
0
187
0
246
0
68
0
-175
0
-250
0
-84
0
162
0
253
0
100
0
-148
0
-255
0
-116
0
134
0
255
0
131
0
-119
0
-255
0
-146
0
103
0
253
0
159
0
-87
0
-251
0
-173
0
71
0
247
0
185
0
-54
0
-242
0
-196
0
37
0
235
0
207
0
-20
0
-228
0
-217
0
3
0
220
0
225
0
14
0
-211
0
-233
0
-31
0
200
0
239
0
48
0
-189
0
-245
0
-65
0
177
0
249
0
81
0
-164
0
-252
0
0
0
-217
0
-228
0
-21
0
205
0
237
0
43
0
-191
0
-244
0
-65
0
176
0
250
0
86
0
-159
0
-254
0
-106
0
142
0
255
0
126
0
-123
0
-255
0
-144
0
103
0
253
0
162
0
-83
0
-249
0
-178
0
62
0
244
0
193
0
-40
0
-236
0
-207
0
18
0
227
0
219
0
3
0
-216
0
-230
0
-25
0
203
0
238
0
46
0
-189
0
-245
0
-68
0
174
0
251
0
89
0
-157
0
-254
0
-109
0
139
0
255
0
128
0
-120
0
-255
0
-147
0
100
0
253
0
164
0
-80
0
-249
0
0
0
-217
0
-230
0
-26
0
201
0
240
0
53
0
-184
0
-248
0
-78
0
164
0
253
0
103
0
-143
0
-255
0
-127
0
120
0
255
0
149
0
-96
0
-252
0
-170
0
71
0
246
0
189
0
-45
0
-237
0
-206
0
18
0
226
0
221
0
7
0
-212
0
-233
0
-34
0
196
0
243
0
60
0
-178
0
-250
0
-86
0
158
0
254
0
110
0
-136
0
-255
0
-134
0
113
0
254
0
156
0
-89
0
-250
0
-176
0
63
0
244
0
194
0
-37
0
-234
0
-211
0
10
0
222
0
225
0
15
0
-208
0
0
0
-216
0
-231
0
-31
0
197
0
243
0
62
0
-176
0
-251
0
-92
0
152
0
255
0
120
0
-126
0
-255
0
-147
0
97
0
252
0
171
0
-68
0
-244
0
-193
0
37
0
234
0
212
0
-6
0
-219
0
-228
0
-25
0
201
0
241
0
56
0
-181
0
-249
0
-86
0
157
0
254
0
115
0
-131
0
-255
0
-142
0
103
0
253
0
167
0
-74
0
-246
0
-189
0
43
0
236
0
209
0
-12
0
-222
0
-225
0
-18
0
205
0
238
0
49
0
-185
0
-248
0
-80
0
162
0
254
0
109
0
-136
0
0
0
-215
0
-232
0
-36
0
193
0
245
0
71
0
-168
0
-253
0
-105
0
139
0
255
0
136
0
-108
0
-253
0
-166
0
74
0
246
0
191
0
-39
0
-234
0
-213
0
3
0
217
0
231
0
32
0
-195
0
-244
0
-68
0
170
0
252
0
102
0
-142
0
-255
0
-134
0
110
0
254
0
163
0
-77
0
-247
0
-189
0
42
0
235
0
211
0
-6
0
-218
0
-230
0
-29
0
197
0
243
0
65
0
-173
0
-252
0
-99
0
144
0
255
0
131
0
-113
0
-254
0
-161
0
80
0
247
0
187
0
-45
0
0
0
-214
0
-234
0
-40
0
189
0
247
0
80
0
-159
0
-254
0
-117
0
126
0
255
0
152
0
-89
0
-249
0
-183
0
49
0
237
0
209
0
-9
0
-219
0
-230
0
-31
0
195
0
244
0
71
0
-167
0
-253
0
-109
0
134
0
255
0
144
0
-97
0
-251
0
-176
0
59
0
241
0
203
0
-18
0
-224
0
-225
0
-21
0
201
0
242
0
62
0
-174
0
-252
0
-100
0
142
0
255
0
136
0
-106
0
-253
0
-169
0
68
0
244
0
197
0
-28
0
-228
0
-221
0
-12
0
207
0
238
0
53
0
0
0
-213
0
-235
0
-45
0
185
0
249
0
89
0
-151
0
-255
0
-130
0
112
0
253
0
167
0
-69
0
-244
0
-198
0
25
0
226
0
224
0
20
0
-201
0
-242
0
-65
0
170
0
253
0
108
0
-134
0
-255
0
-147
0
93
0
250
0
182
0
-49
0
-237
0
-211
0
4
0
216
0
233
0
40
0
-188
0
-248
0
-84
0
155
0
255
0
126
0
-116
0
-254
0
-163
0
74
0
245
0
195
0
-29
0
-228
0
-221
0
-15
0
204
0
241
0
60
0
-174
0
-252
0
-103
0
138
0
255
0
143
0
0
0
-212
0
-236
0
-49
0
181
0
251
0
97
0
-142
0
-256
0
-142
0
97
0
251
0
181
0
-49
0
-236
0
-212
0
0
0
212
0
236
0
49
0
-181
0
-251
0
-97
0
142
0
256
0
142
0
-97
0
-251
0
-181
0
49
0
236
0
212
0
0
0
-212
0
-236
0
-49
0
181
0
251
0
97
0
-142
0
-256
0
-142
0
97
0
251
0
181
0
-49
0
-236
0
-212
0
0
0
212
0
236
0
49
0
-181
0
-251
0
-97
0
142
0
256
0
142
0
-97
0
-251
0
-181
0
49
0
236
0
212
0
0
0
-211
0
-237
0
-54
0
176
0
252
0
106
0
-132
0
-255
0
-153
0
83
0
247
0
193
0
-29
0
-227
0
-225
0
-25
0
196
0
245
0
78
0
-157
0
-255
0
-128
0
110
0
253
0
173
0
-59
0
-239
0
-209
0
4
0
214
0
235
0
49
0
-179
0
-251
0
-102
0
136
0
255
0
149
0
-87
0
-248
0
-190
0
34
0
229
0
222
0
20
0
-199
0
-244
0
-74
0
161
0
255
0
124
0
-115
0
-253
0
-169
0
63
0
241
0
206
0
-9
0
-217
0
-234
0
-45
0
183
0
250
0
0
0
-211
0
-238
0
-59
0
171
0
253
0
115
0
-123
0
-254
0
-164
0
68
0
242
0
205
0
-9
0
-216
0
-235
0
-49
0
178
0
252
0
106
0
-131
0
-255
0
-157
0
77
0
244
0
199
0
-18
0
-221
0
-231
0
-40
0
185
0
250
0
97
0
-139
0
-255
0
-149
0
86
0
247
0
193
0
-28
0
-225
0
-227
0
-31
0
191
0
248
0
89
0
-147
0
-255
0
-142
0
95
0
249
0
187
0
-37
0
-230
0
-222
0
-21
0
197
0
245
0
80
0
-155
0
-255
0
-134
0
103
0
251
0
0
0
-210
0
-239
0
-63
0
167
0
254
0
123
0
-113
0
-253
0
-175
0
53
0
235
0
216
0
10
0
-203
0
-243
0
-74
0
158
0
255
0
132
0
-103
0
-251
0
-183
0
42
0
231
0
221
0
21
0
-196
0
-246
0
-84
0
149
0
255
0
142
0
-93
0
-249
0
-190
0
31
0
226
0
227
0
32
0
-189
0
-249
0
-95
0
140
0
255
0
151
0
-83
0
-246
0
-197
0
20
0
221
0
232
0
43
0
-182
0
-251
0
-105
0
131
0
255
0
159
0
-72
0
-243
0
-204
0
9
0
215
0
0
0
-209
0
-241
0
-68
0
162
0
255
0
131
0
-103
0
-251
0
-185
0
37
0
228
0
225
0
31
0
-189
0
-249
0
-97
0
136
0
255
0
157
0
-74
0
-243
0
-205
0
6
0
212
0
238
0
62
0
-167
0
-254
0
-126
0
109
0
252
0
181
0
-43
0
-231
0
-222
0
-25
0
193
0
248
0
92
0
-142
0
-255
0
-152
0
80
0
244
0
201
0
-12
0
-216
0
-236
0
-56
0
171
0
254
0
120
0
-115
0
-253
0
-176
0
49
0
234
0
219
0
18
0
-197
0
-246
0
-86
0
147
0
0
0
-208
0
-242
0
-72
0
157
0
255
0
139
0
-93
0
-248
0
-194
0
21
0
220
0
234
0
51
0
-174
0
-253
0
-120
0
113
0
252
0
179
0
-43
0
-230
0
-224
0
-29
0
189
0
250
0
100
0
-132
0
-255
0
-163
0
65
0
239
0
212
0
7
0
-203
0
-244
0
-80
0
151
0
255
0
146
0
-86
0
-246
0
-199
0
14
0
216
0
237
0
59
0
-168
0
-254
0
-127
0
106
0
251
0
185
0
-36
0
-227
0
-227
0
-37
0
184
0
251
0
108
0
-126
0
-254
0
-169
0
57
0
0
0
-207
0
-243
0
-77
0
152
0
255
0
147
0
-83
0
-244
0
-203
0
6
0
211
0
241
0
71
0
-157
0
-255
0
-142
0
89
0
246
0
199
0
-12
0
-214
0
-238
0
-65
0
162
0
255
0
136
0
-95
0
-248
0
-195
0
18
0
217
0
236
0
59
0
-167
0
-255
0
-131
0
100
0
249
0
191
0
-25
0
-221
0
-234
0
-53
0
171
0
254
0
126
0
-106
0
-251
0
-187
0
31
0
224
0
231
0
46
0
-176
0
-253
0
-120
0
112
0
252
0
183
0
-37
0
-227
0
-228
0
-40
0
0
0
-206
0
-244
0
-81
0
147
0
255
0
155
0
-72
0
-241
0
-211
0
-9
0
200
0
246
0
90
0
-139
0
-255
0
-162
0
63
0
237
0
217
0
18
0
-194
0
-249
0
-99
0
131
0
254
0
169
0
-54
0
-234
0
-221
0
-28
0
188
0
251
0
108
0
-123
0
-253
0
-176
0
45
0
230
0
226
0
37
0
-182
0
-252
0
-116
0
115
0
252
0
183
0
-36
0
-225
0
-230
0
-46
0
175
0
254
0
124
0
-106
0
-250
0
-189
0
26
0
221
0
234
0
56
0
-168
0
-255
0
-132
0
0
0
-205
0
-244
0
-86
0
142
0
255
0
162
0
-62
0
-236
0
-219
0
-25
0
189
0
251
0
109
0
-120
0
-253
0
-181
0
37
0
225
0
231
0
49
0
-171
0
-254
0
-131
0
97
0
248
0
197
0
-12
0
-212
0
-241
0
-74
0
152
0
256
0
152
0
-74
0
-241
0
-212
0
-12
0
197
0
248
0
97
0
-131
0
-254
0
-171
0
49
0
231
0
225
0
37
0
-181
0
-253
0
-120
0
109
0
251
0
189
0
-25
0
-219
0
-236
0
-62
0
162
0
255
0
142
0
-86
0
-244
0
-205
0
0
0
-204
0
-245
0
-90
0
136
0
255
0
169
0
-51
0
-231
0
-226
0
-40
0
177
0
254
0
127
0
-100
0
-248
0
-197
0
10
0
211
0
242
0
80
0
-146
0
-255
0
-161
0
62
0
235
0
221
0
29
0
-185
0
-252
0
-117
0
110
0
251
0
190
0
-21
0
-217
0
-238
0
-69
0
155
0
255
0
152
0
-72
0
-239
0
-215
0
-18
0
192
0
250
0
108
0
-120
0
-252
0
-183
0
32
0
222
0
234
0
59
0
-163
0
-255
0
-143
0
83
0
243
0
209
0
7
0
-199
0
-247
0
0
0
-203
0
-246
0
-95
0
131
0
254
0
176
0
-40
0
-225
0
-232
0
-56
0
164
0
255
0
144
0
-80
0
-242
0
-212
0
-15
0
193
0
250
0
109
0
-117
0
-252
0
-187
0
25
0
217
0
238
0
71
0
-152
0
-255
0
-157
0
65
0
236
0
221
0
31
0
-183
0
-253
0
-123
0
103
0
249
0
197
0
-9
0
-209
0
-244
0
-86
0
139
0
255
0
169
0
-49
0
-230
0
-228
0
-46
0
171
0
255
0
136
0
-89
0
-244
0
-207
0
-6
0
199
0
248
0
100
0
-126
0
-253
0
0
0
-202
0
-247
0
-99
0
126
0
253
0
183
0
-29
0
-219
0
-238
0
-71
0
151
0
255
0
161
0
-59
0
-233
0
-225
0
-42
0
174
0
254
0
136
0
-87
0
-244
0
-210
0
-12
0
194
0
250
0
110
0
-115
0
-251
0
-191
0
17
0
212
0
242
0
83
0
-140
0
-255
0
-170
0
46
0
227
0
231
0
54
0
-164
0
-255
0
-147
0
75
0
239
0
217
0
25
0
-186
0
-252
0
-122
0
103
0
248
0
199
0
-4
0
-205
0
-246
0
-95
0
130
0
254
0
179
0
-34
0
-221
0
0
0
-201
0
-248
0
-103
0
120
0
252
0
189
0
-18
0
-212
0
-243
0
-86
0
136
0
254
0
176
0
-37
0
-222
0
-236
0
-68
0
152
0
255
0
162
0
-56
0
-231
0
-228
0
-49
0
167
0
255
0
147
0
-74
0
-238
0
-219
0
-31
0
181
0
254
0
131
0
-92
0
-244
0
-209
0
-12
0
193
0
251
0
115
0
-109
0
-249
0
-197
0
6
0
205
0
246
0
97
0
-126
0
-253
0
-185
0
25
0
216
0
241
0
80
0
-142
0
-255
0
-171
0
43
0
225
0
234
0
62
0
-157
0
0
0
-200
0
-249
0
-108
0
115
0
250
0
195
0
-7
0
-205
0
-247
0
-100
0
122
0
252
0
190
0
-15
0
-210
0
-244
0
-93
0
128
0
253
0
185
0
-23
0
-214
0
-242
0
-86
0
135
0
254
0
179
0
-31
0
-218
0
-239
0
-78
0
142
0
255
0
174
0
-39
0
-222
0
-237
0
-71
0
148
0
255
0
168
0
-46
0
-226
0
-234
0
-63
0
155
0
255
0
162
0
-54
0
-230
0
-230
0
-56
0
161
0
255
0
156
0
-62
0
-233
0
-227
0
-48
0
167
0
255
0
149
0
-69
0
0
0
-199
0
-249
0
-112
0
109
0
249
0
201
0
3
0
-197
0
-250
0
-115
0
106
0
248
0
203
0
6
0
-195
0
-251
0
-117
0
103
0
247
0
205
0
9
0
-193
0
-251
0
-120
0
100
0
246
0
207
0
12
0
-191
0
-252
0
-123
0
97
0
245
0
209
0
15
0
-189
0
-252
0
-126
0
95
0
244
0
211
0
18
0
-187
0
-253
0
-128
0
92
0
244
0
212
0
21
0
-185
0
-253
0
-131
0
89
0
243
0
214
0
25
0
-183
0
-254
0
-134
0
86
0
242
0
216
0
28
0
0
0
-198
0
-250
0
-116
0
103
0
247
0
207
0
14
0
-189
0
-252
0
-128
0
90
0
243
0
215
0
28
0
-179
0
-254
0
-140
0
77
0
238
0
222
0
42
0
-169
0
-255
0
-152
0
63
0
232
0
229
0
56
0
-158
0
-255
0
-163
0
49
0
226
0
235
0
69
0
-147
0
-255
0
-174
0
36
0
219
0
240
0
83
0
-135
0
-254
0
-184
0
21
0
211
0
244
0
96
0
-123
0
-251
0
-193
0
7
0
203
0
248
0
109
0
-110
0
-249
0
-202
0
-6
0
194
0
251
0
122
0
0
0
-197
0
-251
0
-120
0
97
0
244
0
212
0
25
0
-181
0
-254
0
-142
0
74
0
236
0
225
0
49
0
-162
0
-256
0
-162
0
49
0
225
0
236
0
74
0
-142
0
-254
0
-181
0
25
0
212
0
244
0
97
0
-120
0
-251
0
-197
0
0
0
197
0
251
0
120
0
-97
0
-244
0
-212
0
-25
0
181
0
254
0
142
0
-74
0
-236
0
-225
0
-49
0
162
0
256
0
162
0
-49
0
-225
0
-236
0
-74
0
142
0
254
0
181
0
-25
0
-212
0
-244
0
-97
0
120
0
251
0
197
0
0
0
-196
0
-251
0
-124
0
92
0
242
0
217
0
36
0
-171
0
-255
0
-155
0
57
0
228
0
234
0
71
0
-143
0
-254
0
-182
0
21
0
210
0
246
0
105
0
-112
0
-248
0
-205
0
-14
0
187
0
253
0
136
0
-78
0
-237
0
-225
0
-49
0
161
0
255
0
166
0
-43
0
-221
0
-239
0
-84
0
131
0
252
0
191
0
-7
0
-201
0
-250
0
-117
0
99
0
244
0
213
0
28
0
-177
0
-255
0
-148
0
65
0
232
0
231
0
63
0
-149
0
-255
0
-176
0
29
0
214
0
244
0
0
0
-195
0
-252
0
-128
0
86
0
239
0
222
0
46
0
-162
0
-255
0
-167
0
40
0
219
0
242
0
92
0
-123
0
-251
0
-199
0
-6
0
191
0
253
0
134
0
-80
0
-237
0
-225
0
-53
0
157
0
255
0
171
0
-34
0
-216
0
-244
0
-97
0
117
0
249
0
203
0
12
0
-187
0
-254
0
-139
0
74
0
235
0
228
0
59
0
-152
0
-255
0
-176
0
28
0
212
0
245
0
103
0
-112
0
-248
0
-207
0
-18
0
183
0
254
0
144
0
-68
0
-232
0
-231
0
-65
0
147
0
255
0
0
0
-194
0
-252
0
-132
0
80
0
237
0
227
0
57
0
-152
0
-255
0
-178
0
23
0
209
0
247
0
112
0
-102
0
-244
0
-215
0
-34
0
170
0
255
0
161
0
-46
0
-221
0
-241
0
-90
0
123
0
250
0
201
0
10
0
-187
0
-254
0
-142
0
69
0
232
0
232
0
68
0
-143
0
-254
0
-186
0
12
0
202
0
250
0
122
0
-92
0
-241
0
-221
0
-45
0
162
0
255
0
169
0
-36
0
-216
0
-244
0
-100
0
113
0
248
0
208
0
21
0
-179
0
-255
0
-151
0
59
0
227
0
0
0
-193
0
-253
0
-136
0
74
0
234
0
231
0
68
0
-142
0
-254
0
-189
0
6
0
197
0
252
0
131
0
-80
0
-236
0
-228
0
-62
0
147
0
254
0
185
0
-12
0
-201
0
-251
0
-126
0
86
0
238
0
225
0
56
0
-152
0
-255
0
-181
0
18
0
205
0
249
0
120
0
-92
0
-241
0
-222
0
-49
0
157
0
255
0
176
0
-25
0
-209
0
-248
0
-115
0
97
0
243
0
219
0
43
0
-162
0
-255
0
-171
0
31
0
212
0
246
0
109
0
-103
0
-244
0
-216
0
-37
0
167
0
0
0
-192
0
-253
0
-140
0
68
0
230
0
235
0
78
0
-131
0
-251
0
-199
0
-10
0
185
0
254
0
149
0
-57
0
-225
0
-239
0
-89
0
122
0
249
0
206
0
21
0
-177
0
-255
0
-158
0
46
0
220
0
243
0
99
0
-112
0
-247
0
-212
0
-32
0
169
0
255
0
167
0
-36
0
-214
0
-246
0
-109
0
102
0
244
0
218
0
43
0
-161
0
-255
0
-175
0
25
0
208
0
249
0
119
0
-92
0
-240
0
-224
0
-54
0
152
0
255
0
183
0
-14
0
-201
0
-251
0
-128
0
81
0
0
0
-191
0
-254
0
-144
0
62
0
227
0
238
0
89
0
-120
0
-249
0
-209
0
-28
0
171
0
255
0
167
0
-34
0
-212
0
-247
0
-115
0
95
0
241
0
224
0
56
0
-149
0
-254
0
-187
0
6
0
195
0
253
0
139
0
-68
0
-230
0
-236
0
-83
0
126
0
250
0
205
0
21
0
-176
0
-255
0
-162
0
40
0
216
0
245
0
109
0
-100
0
-243
0
-221
0
-49
0
155
0
255
0
183
0
-12
0
-199
0
-252
0
-134
0
74
0
232
0
234
0
77
0
-131
0
-251
0
-201
0
-15
0
0
0
-190
0
-254
0
-148
0
56
0
223
0
242
0
99
0
-109
0
-245
0
-217
0
-45
0
157
0
255
0
183
0
-10
0
-197
0
-252
0
-139
0
66
0
228
0
238
0
89
0
-119
0
-248
0
-211
0
-34
0
166
0
255
0
175
0
-21
0
-204
0
-251
0
-130
0
77
0
233
0
234
0
78
0
-128
0
-250
0
-205
0
-23
0
174
0
255
0
167
0
-32
0
-211
0
-248
0
-120
0
87
0
237
0
229
0
68
0
-138
0
-252
0
-198
0
-12
0
182
0
255
0
158
0
-43
0
-217
0
-245
0
-110
0
0
0
-189
0
-254
0
-152
0
49
0
219
0
244
0
109
0
-97
0
-241
0
-225
0
-62
0
142
0
253
0
197
0
12
0
-181
0
-255
0
-162
0
37
0
212
0
248
0
120
0
-86
0
-236
0
-231
0
-74
0
131
0
251
0
205
0
25
0
-171
0
-256
0
-171
0
25
0
205
0
251
0
131
0
-74
0
-231
0
-236
0
-86
0
120
0
248
0
212
0
37
0
-162
0
-255
0
-181
0
12
0
197
0
253
0
142
0
-62
0
-225
0
-241
0
-97
0
109
0
244
0
219
0
49
0
-152
0
-254
0
-189
0
0
0
-188
0
-255
0
-156
0
43
0
215
0
247
0
119
0
-86
0
-235
0
-232
0
-78
0
126
0
249
0
211
0
36
0
-162
0
-255
0
-183
0
7
0
193
0
254
0
149
0
-51
0
-219
0
-245
0
-112
0
93
0
238
0
229
0
71
0
-132
0
-251
0
-206
0
-28
0
168
0
255
0
177
0
-15
0
-198
0
-253
0
-143
0
59
0
223
0
243
0
105
0
-100
0
-241
0
-225
0
-63
0
139
0
252
0
201
0
20
0
-174
0
-255
0
-171
0
23
0
203
0
251
0
136
0
-66
0
-227
0
-240
0
0
0
-187
0
-255
0
-159
0
37
0
211
0
249
0
128
0
-74
0
-230
0
-238
0
-95
0
109
0
244
0
222
0
59
0
-142
0
-252
0
-201
0
-21
0
171
0
255
0
176
0
-15
0
-197
0
-253
0
-147
0
53
0
219
0
245
0
115
0
-89
0
-236
0
-232
0
-80
0
123
0
248
0
214
0
43
0
-155
0
-254
0
-191
0
-6
0
183
0
255
0
164
0
-31
0
-207
0
-251
0
-134
0
68
0
227
0
241
0
100
0
-103
0
-242
0
-225
0
-65
0
136
0
251
0
205
0
28
0
-167
0
-255
0
0
0
-186
0
-255
0
-163
0
31
0
206
0
251
0
138
0
-62
0
-223
0
-244
0
-110
0
92
0
237
0
232
0
81
0
-120
0
-247
0
-217
0
-51
0
147
0
253
0
199
0
20
0
-171
0
-255
0
-178
0
10
0
193
0
254
0
155
0
-42
0
-212
0
-249
0
-128
0
72
0
228
0
240
0
100
0
-102
0
-241
0
-227
0
-71
0
130
0
249
0
211
0
40
0
-156
0
-254
0
-192
0
-9
0
179
0
255
0
170
0
-21
0
-200
0
-253
0
-146
0
53
0
218
0
246
0
119
0
-83
0
-233
0
0
0
-185
0
-255
0
-167
0
25
0
201
0
253
0
147
0
-49
0
-216
0
-248
0
-126
0
74
0
228
0
241
0
103
0
-97
0
-238
0
-231
0
-80
0
120
0
246
0
219
0
56
0
-142
0
-252
0
-205
0
-31
0
162
0
255
0
189
0
6
0
-181
0
-255
0
-171
0
18
0
197
0
254
0
152
0
-43
0
-212
0
-249
0
-131
0
68
0
225
0
243
0
109
0
-92
0
-236
0
-234
0
-86
0
115
0
244
0
222
0
62
0
-136
0
-251
0
-209
0
-37
0
157
0
254
0
193
0
12
0
-176
0
0
0
-184
0
-255
0
-170
0
18
0
196
0
254
0
156
0
-37
0
-208
0
-251
0
-140
0
56
0
218
0
247
0
124
0
-74
0
-227
0
-242
0
-108
0
92
0
235
0
235
0
90
0
-109
0
-242
0
-227
0
-72
0
126
0
247
0
217
0
54
0
-142
0
-251
0
-207
0
-36
0
157
0
254
0
195
0
17
0
-171
0
-255
0
-183
0
1
0
185
0
255
0
169
0
-20
0
-197
0
-254
0
-155
0
39
0
209
0
251
0
139
0
-57
0
-219
0
-247
0
-123
0
75
0
228
0
241
0
106
0
-93
0
0
0
-183
0
-255
0
-174
0
12
0
191
0
255
0
164
0
-25
0
-199
0
-254
0
-155
0
37
0
207
0
252
0
144
0
-49
0
-214
0
-249
0
-134
0
62
0
221
0
246
0
123
0
-74
0
-227
0
-243
0
-112
0
86
0
232
0
238
0
100
0
-97
0
-237
0
-234
0
-89
0
109
0
242
0
228
0
77
0
-120
0
-245
0
-222
0
-65
0
131
0
249
0
216
0
53
0
-142
0
-251
0
-209
0
-40
0
152
0
253
0
201
0
28
0
-162
0
-255
0
-193
0
-15
0
171
0
255
0
185
0
3
0
0
0
-182
0
-255
0
-177
0
6
0
186
0
255
0
173
0
-12
0
-190
0
-255
0
-168
0
18
0
194
0
255
0
163
0
-25
0
-198
0
-254
0
-158
0
31
0
202
0
253
0
153
0
-37
0
-206
0
-252
0
-148
0
43
0
210
0
251
0
143
0
-49
0
-213
0
-250
0
-138
0
56
0
217
0
249
0
132
0
-62
0
-220
0
-247
0
-127
0
68
0
223
0
245
0
122
0
-74
0
-226
0
-244
0
-116
0
80
0
229
0
242
0
110
0
-86
0
-232
0
-239
0
-105
0
92
0
234
0
237
0
99
0
