31
190
236
19
39
132
255
255
39
132
255
255
37
124
10
191
31
187
19
236
23
24
26
70
12
235
28
236
2
174
27
136
249
250
22
113
244
14
14
128
241
208
5
15
243
146
251
136
248
253
243
145
1
57
238
110
10
239
236
249
20
171
239
130
28
208
245
187
34
28
254
197
35
167
9
79
33
44
19
219
26
249
28
209
17
234
34
235
7
81
37
77
252
171
35
162
243
146
30
61
237
72
21
248
234
175
12
46
236
26
2
78
241
49
249
249
249
33
244
109
2
139
242
147
12
6
244
176
19
237
250
122
24
253
3
21
26
87
13
45
23
173
23
63
17
84
31
189
8
35
37
94
253
109
39
67
242
181
37
27
233
141
31
58
227
56
22
120
224
153
12
45
226
10
1
206
231
43
248
251
239
39
242
243
248
171
240
155
2
63
242
63
10
70
247
140
15
129
255
176
17
7
9
78
14
145
18
241
8
111
26
252
255
125
32
46
245
12
33
171
234
154
31
26
225
192
24
212
219
191
15
178
217
123
5
11
219
68
250
86
224
195
241
48
233
40
234
218
243
17
232
56
253
17
233
150
5
135
238
169
11
50
246
144
13
42
0
1
11
45
9
113
5
131
17
87
253
10
22
106
243
22
23
198
233
34
21
35
224
195
14
204
219
64
5
162
217
123
250
247
219
196
240
69
225
193
231
41
234
163
224
224
245
8
222
86
255
130
223
210
8
116
229
1
14
150
237
21
17
9
246
174
15
124
0
85
10
68
8
114
2
58
13
194
248
174
15
102
239
36
13
9
231
42
7
1
226
5
254
42
224
158
243
214
227
60
233
128
233
140
224
194
242
188
218
225
253
108
216
189
8
42
218
162
17
88
224
66
23
182
232
197
26
85
242
212
24
251
252
241
19
234
5
134
11
254
11
81
2
148
13
111
249
27
11
143
241
49
6
3
236
22
253
170
234
178
243
217
237
76
233
255
243
148
225
191
252
182
220
91
7
77
218
180
17
238
221
21
26
255
227
48
33
50
236
42
35
169
246
175
34
23
1
64
28
206
10
72
20
167
16
127
10
243
19
9
1
53
17
146
248
252
12
107
243
142
4
112
241
210
250
249
244
18
241
120
249
250
233
140
2
180
228
116
12
230
227
24
23
30
229
187
31
190
236
19
37
129
245
73
39
132
255
255
37
124
10
191
31
187
19
236
23
24
26
70
12
235
28
236
2
174
27
136
249
250
22
113
244
14
14
128
241
208
5
15
243
146
251
136
248
253
243
145
1
57
238
110
10
239
236
249
20
171
239
130
28
208
245
187
34
28
254
197
35
167
9
79
33
44
19
219
26
249
28
209
17
234
34
235
7
81
37
77
252
171
35
162
243
146
30
61
237
72
21
248
234
175
12
46
236
26
2
78
241
49
249
249
249
33
244
109
2
139
242
147
12
6
244
176
19
237
250
122
24
253
3
21
26
87
13
45
23
173
23
63
17
84
31
189
8
35
37
94
253
109
39
67
242
181
37
27
233
141
31
58
227
56
22
120
224
153
12
45
226
10
1
206
231
43
248
251
239
39
242
243
248
171
240
155
2
63
242
63
10
70
247
140
15
129
255
176
17
7
9
78
14
145
18
241
8
111
26
252
255
125
32
46
245
12
33
171
234
154
31
26
225
192
24
212
219
191
15
178
217
123
5
11
219
68
250
86
224
195
241
48
233
40
234
218
243
17
232
56
253
17
233
150
5
135
238
169
11
50
246
144
13
42
0
1
11
45
9
113
5
131
17
87
253
10
22
106
243
22
23
198
233
34
21
35
224
195
14
204
219
64
5
162
217
123
250
247
219
196
240
69
225
193
231
41
234
163
224
224
245
8
222
86
255
130
223
210
8
116
229
1
14
150
237
21
17
9
246
174
15
124
0
85
10
68
8
114
2
58
13
194
248
174
15
102
239
36
13
9
231
42
7
1
226
5
254
42
224
158
243
214
227
60
233
128
233
140
224
194
242
188
218
225
253
108
216
189
8
42
218
162
17
88
224
66
23
182
232
197
26
85
242
212
24
251
252
241
19
234
5
134
11
254
11
81
2
148
13
111
249
27
11
143
241
49
6
3
236
22
253
170
234
178
243
217
237
76
233
255
243
148
225
191
252
182
220
91
7
77
218
180
17
238
221
21
26
255
227
48
33
50
236
42
35
169
246
175
34
23
1
64
28
206
10
72
20
167
16
127
10
243
19
9
1
53
17
146
248
252
12
107
243
142
4
112
241
210
250
249
244
18
241
120
249
250
233
140
2
180
228
116
12
230
227
24
23
30
229
187
0
0
0
0
39
132
255
255
39
132
255
255
37
124
10
191
31
187
19
236
23
24
26
70
12
235
28
236
2
174
27
136
249
250
22
113
244
14
14
128
241
208
5
15
243
146
251
136
248
253
243
145
1
57
238
110
10
239
236
249
20
171
239
130
28
208
245
187
34
28
254
197
35
167
9
79
33
44
19
219
26
249
28
209
17
234
34
235
7
81
37
77
252
171
35
162
243
146
30
61
237
72
21
248
234
175
12
46
236
26
2
78
241
49
249
249
249
33
244
109
2
139
242
147
12
6
244
176
19
237
250
122
24
253
3
21
26
87
13
45
23
173
23
63
17
84
31
189
8
35
37
94
253
109
39
67
242
181
37
27
233
141
31
58
227
56
22
120
224
153
12
45
226
10
1
206
231
43
248
251
239
39
242
243
248
171
240
155
2
63
242
63
10
70
247
140
15
129
255
176
17
7
9
78
14
145
18
241
8
111
26
252
255
125
32
46
245
12
33
171
234
154
31
26
225
192
24
212
219
191
15
178
217
123
5
11
219
68
250
86
224
195
241
48
233
40
234
218
243
17
232
56
253
17
233
150
5
135
238
169
11
50
246
144
13
42
0
1
11
45
9
113
5
131
17
87
253
10
22
106
243
22
23
198
233
34
21
35
224
195
14
204
219
64
5
162
217
123
250
247
219
196
240
69
225
193
231
41
234
163
224
224
245
8
222
86
255
130
223
210
8
116
229
1
14
150
237
21
17
9
246
174
15
124
0
85
10
68
8
114
2
58
13
194
248
174
15
102
239
36
13
9
231
42
7
1
226
5
254
42
224
158
243
214
227
60
233
128
233
140
224
194
242
188
218
225
253
108
216
189
8
42
218
162
17
88
224
66
23
182
232
197
26
85
242
212
24
251
252
241
19
234
5
134
11
254
11
81
2
148
13
111
249
27
11
143
241
49
6
3
236
22
253
170
234
178
243
217
237
76
233
255
243
148
225
191
252
182
220
91
7
77
218
180
17
238
221
21
26
255
227
48
33
50
236
42
35
169
246
175
34
23
1
64
28
206
10
72
20
167
16
127
10
243
19
9
1
53
17
146
248
252
12
107
243
142
4
112
241
210
250
249
244
18
241
120
249
250
233
140
2
180
228
116
12
230
227
24
23
30
229
187
31
190
236
19
37
129
245
73
39
132
255
255
37
124
10
191
31
187
19
236
23
24
26
70
12
235
28
236
2
174
27
136
249
250
22
113
244
14
14
128
241
208
5
15
243
146
251
136
248
253
243
145
1
57
238
110
10
239
236
249
20
171
239
130
28
208
245
187
34
28
254
197
35
167
9
79
33
44
19
219
26
249
28
209
17
234
34
235
7
81
37
77
252
171
35
162
243
146
30
61
237
72
21
248
234
175
12
46
236
26
2
78
241
49
249
249
249
33
244
109
2
139
242
147
12
6
244
176
19
237
250
122
24
253
3
21
26
87
13
45
23
173
23
63
17
84
31
189
8
35
37
94
253
109
39
67
242
181
37
27
233
141
31
58
227
56
22
120
224
153
12
45
226
10
1
206
231
43
248
251
239
39
242
243
248
171
240
155
2
63
242
63
10
70
247
140
15
129
255
176
17
7
9
78
14
145
18
241
8
111
26
252
255
125
32
46
245
12
33
171
234
154
31
26
225
192
24
212
219
191
15
178
217
123
5
11
219
68
250
86
224
195
241
48
233
40
234
218
243
17
232
56
253
17
233
150
5
135
238
169
11
50
246
144
13
42
0
1
11
45
9
113
5
131
17
87
253
10
22
106
243
22
23
198
233
34
21
35
224
195
14
204
219
64
5
162
217
123
250
247
219
196
240
69
225
193
231
41
234
163
224
224
245
8
222
86
255
130
223
210
8
116
229
1
14
150
237
21
17
9
246
174
15
124
0
85
10
68
8
114
2
58
13
194
248
174
15
102
239
36
13
9
231
42
7
1
226
5
254
42
224
158
243
214
227
60
233
128
233
140
224
194
242
188
218
225
253
108
216
189
8
42
218
162
17
88
224
66
23
182
232
197
26
85
242
212
24
251
252
241
19
234
5
134
11
254
11
81
2
148
13
111
249
27
11
143
241
49
6
3
236
22
253
170
234
178
243
217
237
76
233
255
243
148
225
191
252
182
220
91
7
77
218
180
17
238
221
21
26
255
227
48
33
50
236
42
35
169
246
175
34
23
1
64
28
206
10
72
20
167
16
127
10
243
19
9
1
53
17
146
248
252
12
107
243
142
4
112
241
210
250
249
244
18
241
120
249
250
233
140
2
180
228
116
12
230
227
24
23
30
229
187
31
190
236
19
39
132
255
255
39
132
255
255
37
124
10
191
31
187
19
236
23
24
26
70
12
235
28
236
2
174
27
136
249
250
22
113
244
14
14
128
241
208
5
15
243
146
251
136
248
253
243
145
1
57
238
110
10
239
236
249
20
171
239
130
28
208
245
187
34
28
254
197
35
167
9
79
33
44
19
219
26
249
28
209
17
234
34
235
7
81
37
77
252
171
35
162
243
146
30
61
237
72
21
248
234
175
12
46
236
26
2
78
241
49
249
249
249
33
244
109
2
139
242
147
12
6
244
176
19
237
250
122
24
253
3
21
26
87
13
45
23
173
23
63
17
84
31
189
8
35
37
94
253
109
39
67
242
181
37
27
233
141
31
58
227
56
22
120
224
153
12
45
226
10
1
206
231
43
248
251
239
39
242
243
248
171
240
155
2
63
242
63
10
70
247
140
15
129
255
176
17
7
9
78
14
145
18
241
8
111
26
252
255
125
32
46
245
12
33
171
234
154
31
26
225
192
24
212
219
191
15
178
217
123
5
11
219
68
250
86
224
195
241
48
233
40
234
218
243
17
232
56
253
17
233
150
5
135
238
169
11
50
246
144
13
42
0
1
11
45
9
113
5
131
17
87
253
10
22
106
243
22
23
198
233
34
21
35
224
195
14
204
219
64
5
162
217
123
250
247
219
196
240
69
225
193
231
41
234
163
224
224
245
8
222
86
255
130
223
210
8
116
229
1
14
150
237
21
17
9
246
174
15
124
0
85
10
68
8
114
2
58
13
194
248
174
15
102
239
36
13
9
231
42
7
1
226
5
254
42
224
158
243
214
227
60
233
128
233
140
224
194
242
188
218
225
253
108
216
189
8
42
218
162
17
88
224
66
23
182
232
197
26
85
242
212
24
251
252
241
19
234
5
134
11
254
11
81
2
148
13
111
249
27
11
143
241
49
6
3
236
22
253
170
234
178
243
217
237
76
233
255
243
148
225
191
252
182
220
91
7
77
218
180
17
238
221
21
26
255
227
48
33
50
236
42
35
169
246
175
34
23
1
64
28
206
10
72
20
167
16
127
10
243
19
9
1
53
17
146
248
252
12
107
243
142
4
112
241
210
250
249
244
18
241
120
249
250
233
140
2
180
228
116
12
230
227
24
23
30
229
187
31
190
236
19
37
129
245
73
39
132
255
255
37
124
10
191
31
187
19
236
23
24
26
70
12
235
28
236
2
174
27
136
249
250
22
113
244
14
14
128
241
208
5
15
243
146
251
136
248
253
243
145
1
57
238
110
10
239
236
249
20
171
239
130
28
208
245
187
34
28
254
197
35
167
9
79
33
44
19
219
26
249
28
209
17
234
34
235
7
81
37
77
252
171
35
162
243
146
30
61
237
72
21
248
234
175
12
46
236
26
2
78
241
49
249
249
249
33
244
109
2
139
242
147
12
6
244
176
19
237
250
122
24
253
3
21
26
87
13
45
23
173
23
63
17
84
31
189
8
35
37
94
253
109
39
67
242
181
37
27
233
141
31
58
227
56
22
120
224
153
12
45
226
10
1
206
231
43
248
251
239
39
242
243
248
171
240
155
2
63
242
63
10
70
247
140
15
129
255
176
17
7
9
78
14
145
18
241
8
111
26
252
255
125
32
46
245
12
33
171
234
154
31
26
225
192
24
212
219
191
15
178
217
123
5
11
219
68
250
86
224
195
241
48
233
40
234
218
243
17
232
56
253
17
233
150
5
135
238
169
11
50
246
144
13
42
0
1
11
45
9
113
5
131
17
87
253
10
22
106
243
22
23
198
233
34
21
35
224
195
14
204
219
64
5
162
217
123
250
247
219
196
240
69
225
193
231
41
234
163
224
224
245
8
222
86
255
130
223
210
8
116
229
1
14
150
237
21
17
9
246
174
15
124
0
85
10
68
8
114
2
58
13
194
248
174
15
102
239
36
13
9
231
42
7
1
226
5
254
42
224
158
243
214
227
60
233
128
233
140
224
194
242
188
218
225
253
108
216
189
8
42
218
162
17
88
224
66
23
182
232
197
26
85
242
212
24
251
252
241
19
234
5
134
11
254
11
81
2
148
13
111
249
27
11
143
241
49
6
3
236
22
253
170
234
178
243
217
237
76
233
255
243
148
225
191
252
182
220
91
7
77
218
180
17
238
221
21
26
255
227
48
33
50
236
42
35
169
246
175
34
23
1
64
28
206
10
72
20
167
16
127
10
243
19
9
1
53
17
146
248
252
12
107
243
142
4
112
241
210
250
249
244
18
241
120
249
250
233
140
2
180
228
116
12
230
227
24
23
30
229
187
31
190
236
19
39
132
255
255
39
132
255
255
37
124
10
191
31
187
19
236
23
24
26
70
12
235
28
236
2
174
27
136
249
250
22
113
244
14
14
128
241
208
5
15
243
146
251
136
248
253
243
145
1
57
238
110
10
239
236
249
20
171
239
130
28
208
245
187
34
28
254
197
35
167
9
79
33
44
19
219
26
249
28
209
17
234
34
235
7
81
37
77
252
171
35
162
243
146
30
61
237
72
21
248
234
175
12
46
236
26
2
78
241
49
249
249
249
33
244
109
2
139
242
147
12
6
244
176
19
237
250
122
24
253
3
21
26
87
13
45
23
173
23
63
17
84
31
189
8
35
37
94
253
109
39
67
242
181
37
27
233
141
31
58
227
56
22
120
224
153
12
45
226
10
1
206
231
43
248
251
239
39
242
243
248
171
240
155
2
63
242
63
10
70
247
140
15
129
255
176
17
7
9
78
14
145
18
241
8
111
26
252
255
125
32
46
245
12
33
171
234
154
31
26
225
192
24
212
219
191
15
178
217
123
5
11
219
68
250
86
224
195
241
48
233
40
234
218
243
17
232
56
253
17
233
150
5
135
238
169
11
50
246
144
13
42
0
1
11
45
9
113
5
131
17
87
253
10
22
106
243
22
23
198
233
34
21
35
224
195
14
204
219
64
5
162
217
123
250
247
219
196
240
69
225
193
231
41
234
163
224
224
245
8
222
86
255
130
223
210
8
116
229
1
14
150
237
21
17
9
246
174
15
124
0
85
10
68
8
114
2
58
13
194
248
174
15
102
239
36
13
9
231
42
7
1
226
5
254
42
224
158
243
214
227
60
233
128
233
140
224
194
242
188
218
225
253
108
216
189
8
42
218
162
17
88
224
66
23
182
232
197
26
85
242
212
24
251
252
241
19
234
5
134
11
254
11
81
2
148
13
111
249
27
11
143
241
49
6
3
236
22
253
170
234
178
243
217
237
76
233
255
243
148
225
191
252
182
220
91
7
77
218
180
17
238
221
21
26
255
227
48
33
50
236
42
35
169
246
175
34
23
1
64
28
206
10
72
20
167
16
127
10
243
19
9
1
53
17
146
248
252
12
107
243
142
4
112
241
210
250
249
244
18
241
120
249
250
233
140
2
180
228
116
12
230
227
24
23
30
229
187
31
190
236
19
37
129
245
73
39
132
255
255
37
124
10
191
31
187
19
236
23
24
26
70
12
235
28
236
2
174
27
136
249
250
22
113
244
14
14
128
241
208
5
15
243
146
251
136
248
253
243
145
1
57
238
110
10
239
236
249
20
171
239
130
28
208
245
187
34
28
254
197
35
167
9
79
33
44
19
219
26
249
28
209
17
234
34
235
7
81
37
77
252
171
35
162
243
146
30
61
237
72
21
248
234
175
12
46
236
26
2
78
241
49
249
249
249
33
244
109
2
139
242
147
12
6
244
176
19
237
250
122
24
253
3
21
26
87
13
45
23
173
23
63
17
84
31
189
8
35
37
94
253
109
39
67
242
181
37
27
233
141
31
58
227
56
22
120
224
153
12
45
226
10
1
206
231
43
248
251
239
39
242
243
248
171
240
155
2
63
242
63
10
70
247
140
15
129
255
176
17
7
9
78
14
145
18
241
8
111
26
252
255
125
32
46
245
12
33
171
234
154
31
26
225
192
24
212
219
191
15
178
217
123
5
11
219
68
250
86
224
195
241
48
233
40
234
218
243
17
232
56
253
17
233
150
5
135
238
169
11
50
246
144
13
42
0
1
11
45
9
113
5
131
17
87
253
10
22
106
243
22
23
198
233
34
21
35
224
195
14
204
219
64
5
162
217
123
250
247
219
196
240
69
225
193
231
41
234
163
224
224
245
8
222
86
255
130
223
210
8
116
229
1
14
150
237
21
17
9
246
174
15
124
0
85
10
68
8
114
2
58
13
194
248
174
15
102
239
36
13
9
231
42
7
1
226
5
254
42
224
158
243
214
227
60
233
128
233
140
224
194
242
188
218
225
253
108
216
189
8
42
218
162
17
88
224
66
23
182
232
197
26
85
242
212
24
251
252
241
19
234
5
134
11
254
11
81
2
148
13
111
249
27
11
143
241
49
6
3
236
22
253
170
234
178
243
217
237
76
233
255
243
148
225
191
252
182
220
91
7
77
218
180
17
238
221
21
26
255
227
48
33
50
236
42
35
169
246
175
34
23
1
64
28
206
10
72
20
167
16
127
10
243
19
9
1
53
17
146
248
252
12
107
243
142
4
112
241
210
250
249
244
18
241
120
249
250
233
140
2
180
228
116
12
230
227
24
23
30
229
187
